0  544.792  2.32783e-311
1  544.96  2.99501e+264
2  545.128  1.10244e-303
3  545.296  0
4  545.464  0
5  545.632  0
6  545.8  0
7  545.968  0
8  546.136  0
9  546.304  0
10  546.472  0
11  546.64  0
12  546.808  0
13  546.976  0
14  547.144  0
15  547.312  0
16  547.48  0
17  547.648  0
18  547.816  0
19  547.984  0
20  548.152  0
21  548.32  0
22  548.488  0
23  548.656  0
24  548.824  0
25  548.992  0
26  549.16  0
27  549.328  0
28  549.495  0
29  549.663  0
30  549.831  0
31  549.999  0
32  550.167  0
33  550.335  0
34  550.503  0
35  550.671  0
36  550.839  0
37  551.006  0
38  551.174  0
39  551.342  0
40  551.51  0
41  551.678  0
42  551.846  0
43  552.014  0
44  552.182  0
45  552.349  0
46  552.517  0
47  552.685  0
48  552.853  0
49  553.021  0
50  553.188  6.13257e-312
51  553.356  2.9939e+264
52  553.524  1.10315e-303
53  553.692  1.10322e-303
54  553.86  0
55  554.027  0
56  554.195  0
57  554.363  0
58  554.531  0
59  554.698  0
60  554.866  1.05621e-303
61  555.034  1.10278e-303
62  555.202  0
63  555.37  2.122e-314
64  555.537  1.1028e-303
65  555.705  8.55457e-317
66  555.873  0
67  556.04  1.05621e-303
68  556.208  1.10282e-303
69  556.376  0
70  556.544  2.122e-314
71  556.711  1.10284e-303
72  556.879  8.55459e-317
73  557.047  0
74  557.214  1.05621e-303
75  557.382  1.10286e-303
76  557.55  0
77  557.717  2.122e-314
78  557.885  0
79  558.053  0
80  558.22  0
81  558.388  0
82  558.556  -nan
83  558.723  0
84  558.891  0
85  559.059  0
86  559.226  1.18832e-312
87  559.394  2.10496e+262
88  559.562  1.99908e+161
89  559.729  7.27184e+228
90  559.897  1.40075e-76
91  560.065  2.94525e+256
92  560.232  2.04177e-28
93  560.4  3.07691e-312
94  560.567  1.10896e-303
95  560.735  1.10299e-303
96  560.902  8.55895e-317
97  561.07  3.60739e-313
98  561.238  1.10319e-303
99  561.405  1.01856e-312
100  561.573  2.10496e+262
101  561.74  1.99908e+161
102  561.908  7.27184e+228
103  562.076  1.40075e-76
104  562.243  2.94525e+256
105  562.411  1.03979e-312
106  562.578  2.9939e+264
107  562.746  1.67502e+243
108  562.913  2.03799e+184
109  563.081  2.83298e+256
110  563.248  9.67049e-308
111  563.416  1.01856e-312
112  563.583  1.69845e-313
113  563.751  1.0594e-303
114  563.918  1.05798e-303
115  564.086  1.40075e-76
116  564.253  2.94525e+256
117  564.421  1.54907e-312
118  564.588  2.99403e+264
119  564.756  1.99908e+161
120  564.923  7.27184e+228
121  565.091  1.40075e-76
122  565.258  2.94525e+256
123  565.426  2.26348e-81
124  565.593  5.21614e-91
125  565.76  9.00067e-308
126  565.928  1.18832e-312
127  566.095  2.10496e+262
128  566.263  1.99908e+161
129  566.43  7.27184e+228
130  566.598  1.40075e-76
131  566.765  2.94525e+256
132  566.932  2.04177e-28
133  567.1  7.00274e-313
134  567.267  1.05756e-303
135  567.435  1.0571e-303
136  567.602  0
137  567.769  5.09279e-313
138  567.937  2.70826e-57
139  568.104  1.05796e-303
140  568.271  1.74025e-310
141  568.439  6.5262e-38
142  568.606  4.44892e-86
143  568.774  4.31925e-38
144  568.941  1.83432e+44
145  569.108  1.50201e-317
146  569.276  0
147  569.443  0
148  569.61  0
149  569.778  0
150  569.945  0
151  570.112  1.72723e-77
152  570.28  1.39804e-76
153  570.447  -nan
154  570.614  -nan
155  570.781  -nan
156  570.949  -nan
157  571.116  -nan
158  571.283  -nan
159  571.451  7.29112e-304
160  571.618  -5.48612e+303
161  571.785  -5.82901e+303
162  571.952  -nan
163  572.12  -nan
164  572.287  -nan
165  572.454  -nan
166  572.621  -nan
167  572.789  -nan
168  572.956  -nan
169  573.123  -nan
170  573.29  -nan
171  573.458  -nan
172  573.625  -nan
173  573.792  -nan
174  573.959  -nan
175  574.126  -nan
176  574.294  -nan
177  574.461  -nan
178  574.628  -nan
179  574.795  -nan
180  574.962  -nan
181  575.129  -nan
182  575.297  -nan
183  575.464  -nan
184  575.631  -nan
185  575.798  -nan
186  575.965  -nan
187  576.132  -nan
188  576.299  -nan
189  576.466  -nan
190  576.634  -nan
191  576.801  -nan
192  576.968  -nan
193  577.135  -nan
194  577.302  -nan
195  577.469  -nan
196  577.636  -nan
197  577.803  -nan
198  577.97  -nan
199  578.138  -nan
200  578.305  -nan
201  578.472  -nan
202  578.639  -nan
203  578.806  -nan
204  578.973  -nan
205  579.14  -nan
206  579.307  -nan
207  579.474  -nan
208  579.641  -nan
209  579.808  -nan
210  579.975  -nan
211  580.142  -nan
212  580.309  -nan
213  580.476  -nan
214  580.643  -nan
215  580.81  -nan
216  580.977  -nan
217  581.144  -nan
218  581.311  -nan
219  581.478  -nan
220  581.645  -nan
221  581.812  -nan
222  581.979  -nan
223  582.146  -nan
224  582.313  -nan
225  582.48  -nan
226  582.647  -nan
227  582.814  -nan
228  582.98  -nan
229  583.147  -nan
230  583.314  -nan
231  583.481  -nan
232  583.648  -nan
233  583.815  -nan
234  583.982  -nan
235  584.149  -nan
236  584.316  -nan
237  584.483  -nan
238  584.649  -nan
239  584.816  -nan
240  584.983  -nan
241  585.15  -nan
242  585.317  -nan
243  585.484  -nan
244  585.651  -nan
245  585.817  -nan
246  585.984  -nan
247  586.151  -nan
248  586.318  -nan
249  586.485  -nan
250  586.651  -nan
251  586.818  -nan
252  586.985  -nan
253  587.152  -nan
254  587.319  -nan
255  587.485  -nan
256  587.652  -nan
257  587.819  -nan
258  587.986  -nan
259  588.153  -nan
260  588.319  -nan
261  588.486  -nan
262  588.653  -nan
263  588.82  -nan
264  588.986  -nan
265  589.153  -nan
266  589.32  -nan
267  589.487  -nan
268  589.653  -nan
269  589.82  -nan
270  589.987  -nan
271  590.153  -nan
272  590.32  -nan
273  590.487  -nan
274  590.653  -nan
275  590.82  -nan
276  590.987  -nan
277  591.153  -nan
278  591.32  -nan
279  591.487  -nan
280  591.653  -nan
281  591.82  -nan
282  591.987  -nan
283  592.153  -nan
284  592.32  -nan
285  592.487  -nan
286  592.653  -nan
287  592.82  -nan
288  592.987  -nan
289  593.153  -nan
290  593.32  -nan
291  593.486  -nan
292  593.653  -nan
293  593.819  -nan
294  593.986  -nan
295  594.153  -nan
296  594.319  -nan
297  594.486  -nan
298  594.652  -nan
299  594.819  -nan
300  594.985  -nan
301  595.152  -nan
302  595.318  -nan
303  595.485  -nan
304  595.652  -nan
305  595.818  -nan
306  595.985  -nan
307  596.151  -nan
308  596.318  -nan
309  596.484  -nan
310  596.651  -nan
311  596.817  -nan
312  596.984  -nan
313  597.15  -nan
314  597.317  -nan
315  597.483  -nan
316  597.649  -nan
317  597.816  -nan
318  597.982  -nan
319  598.149  -nan
320  598.315  -nan
321  598.482  -nan
322  598.648  -nan
323  598.815  -nan
324  598.981  -nan
325  599.147  -nan
326  599.314  -nan
327  599.48  -nan
328  599.647  -nan
329  599.813  -nan
330  599.979  -nan
331  600.146  -nan
332  600.312  -nan
333  600.479  -nan
334  600.645  -nan
335  600.811  -nan
336  600.978  -nan
337  601.144  -nan
338  601.31  -nan
339  601.477  -nan
340  601.643  -nan
341  601.809  -nan
342  601.976  -nan
343  602.142  -nan
344  602.308  -nan
345  602.475  -nan
346  602.641  -nan
347  602.807  -nan
348  602.974  -nan
349  603.14  -nan
350  603.306  -nan
351  603.472  -nan
352  603.639  -nan
353  603.805  -nan
354  603.971  -nan
355  604.137  -nan
356  604.304  -nan
357  604.47  -nan
358  604.636  -nan
359  604.802  -nan
360  604.969  -nan
361  605.135  -nan
362  605.301  -nan
363  605.467  -nan
364  605.633  -nan
365  605.8  -nan
366  605.966  -nan
367  606.132  -nan
368  606.298  -nan
369  606.464  -nan
370  606.631  -nan
371  606.797  -nan
372  606.963  -nan
373  607.129  -nan
374  607.295  -nan
375  607.461  -nan
376  607.628  -nan
377  607.794  -nan
378  607.96  -nan
379  608.126  -nan
380  608.292  -nan
381  608.458  -nan
382  608.624  -nan
383  608.79  -nan
384  608.956  -nan
385  609.122  -nan
386  609.289  -nan
387  609.455  -nan
388  609.621  -nan
389  609.787  -nan
390  609.953  -nan
391  610.119  -nan
392  610.285  -nan
393  610.451  -nan
394  610.617  -nan
395  610.783  -nan
396  610.949  -nan
397  611.115  1.32264e-310
398  611.281  2.99547e+264
399  611.447  1.10465e-303
400  611.613  0
401  611.779  0
402  611.945  0
403  612.111  0
404  612.277  0
405  612.443  0
406  612.609  0
407  612.775  0
408  612.941  0
409  613.107  0
410  613.273  0
411  613.439  0
412  613.605  0
413  613.771  0
414  613.937  0
415  614.103  0
416  614.269  0
417  614.435  0
418  614.6  0
419  614.766  0
420  614.932  0
421  615.098  0
422  615.264  0
423  615.43  0
424  615.596  0
425  615.762  0
426  615.927  0
427  616.093  0
428  616.259  0
429  616.425  0
430  616.591  0
431  616.757  0
432  616.923  0
433  617.088  0
434  617.254  0
435  617.42  0
436  617.586  0
437  617.752  0
438  617.917  0
439  618.083  0
440  618.249  0
441  618.415  0
442  618.581  0
443  618.746  0
444  618.912  0
445  619.078  0
446  619.244  0
447  619.409  0
448  619.575  0
449  619.741  0
450  619.907  0
451  620.072  0
452  620.238  0
453  620.404  0
454  620.569  0
455  620.735  0
456  620.901  0
457  621.067  0
458  621.232  0
459  621.398  0
460  621.564  0
461  621.729  0
462  621.895  0
463  622.061  0
464  622.226  0
465  622.392  0
466  622.558  0
467  622.723  0
468  622.889  0
469  623.054  0
470  623.22  0
471  623.386  0
472  623.551  0
473  623.717  0
474  623.882  0
475  624.048  0
476  624.214  0
477  624.379  0
478  624.545  0
479  624.71  0
480  624.876  0
481  625.041  0
482  625.207  0
483  625.373  0
484  625.538  0
485  625.704  0
486  625.869  0
487  626.035  0
488  626.2  0
489  626.366  0
490  626.531  0
491  626.697  0
492  626.862  0
493  627.028  0
494  627.193  0
495  627.359  0
496  627.524  0
497  627.69  0
498  627.855  0
499  628.021  0
500  628.186  0
501  628.351  0
502  628.517  0
503  628.682  0
504  628.848  0
505  629.013  0
506  629.179  0
507  629.344  0
508  629.509  0
509  629.675  0
510  629.84  0
511  630.006  0
512  630.171  0
513  630.336  0
514  630.502  0
515  630.667  0
516  630.832  0
517  630.998  0
518  631.163  0
519  631.328  0
520  631.494  0
521  631.659  0
522  631.824  0
523  631.99  0
524  632.155  0
525  632.32  0
526  632.486  0
527  632.651  0
528  632.816  0
529  632.982  0
530  633.147  0
531  633.312  0
532  633.477  0
533  633.643  0
534  633.808  0
535  633.973  0
536  634.138  0
537  634.304  0
538  634.469  0
539  634.634  0
540  634.799  0
541  634.964  0
542  635.13  0
543  635.295  0
544  635.46  0
545  635.625  0
546  635.79  0
547  635.956  0
548  636.121  0
549  636.286  0
550  636.451  0
551  636.616  0
552  636.781  0
553  636.946  0
554  637.112  0
555  637.277  0
556  637.442  0
557  637.607  0
558  637.772  0
559  637.937  0
560  638.102  0
561  638.267  0
562  638.432  0
563  638.598  0
564  638.763  0
565  638.928  0
566  639.093  0
567  639.258  0
568  639.423  0
569  639.588  0
570  639.753  0
571  639.918  0
572  640.083  0
573  640.248  0
574  640.413  0
575  640.578  0
576  640.743  0
577  640.908  0
578  641.073  0
579  641.238  0
580  641.403  0
581  641.568  0
582  641.733  0
583  641.898  0
584  642.063  0
585  642.228  0
586  642.393  0
587  642.558  0
588  642.723  0
589  642.888  0
590  643.053  0
591  643.218  0
592  643.383  0
593  643.547  0
594  643.712  0
595  643.877  0
596  644.042  0
597  644.207  0
598  644.372  0
599  644.537  0
600  644.702  0
601  644.866  0
602  645.031  0
603  645.196  0
604  645.361  0
605  645.526  0
606  645.691  0
607  645.856  0
608  646.02  0
609  646.185  0
610  646.35  0
611  646.515  0
612  646.68  0
613  646.844  0
614  647.009  0
615  647.174  0
616  647.339  0
617  647.503  0
618  647.668  0
619  647.833  0
620  647.998  0
621  648.162  0
622  648.327  0
623  648.492  0
624  648.657  0
625  648.821  0
626  648.986  0
627  649.151  0
628  649.315  0
629  649.48  0
630  649.645  0
631  649.81  0
632  649.974  0
633  650.139  0
634  650.304  0
635  650.468  0
636  650.633  0
637  650.798  0
638  650.962  0
639  651.127  0
640  651.291  0
641  651.456  0
642  651.621  0
643  651.785  0
644  651.95  0
645  652.115  0
646  652.279  0
647  652.444  0
648  652.608  0
649  652.773  0
650  652.937  0
651  653.102  0
652  653.267  0
653  653.431  0
654  653.596  0
655  653.76  0
656  653.925  0
657  654.089  0
658  654.254  0
659  654.418  0
660  654.583  0
661  654.747  0
662  654.912  0
663  655.076  0
664  655.241  0
665  655.405  0
666  655.57  0
667  655.734  0
668  655.899  0
669  656.063  0
670  656.228  0
671  656.392  0
672  656.556  0
673  656.721  0
674  656.885  0
675  657.05  0
676  657.214  0
677  657.378  0
678  657.543  0
679  657.707  0
680  657.872  0
681  658.036  0
682  658.2  0
683  658.365  0
684  658.529  0
685  658.694  0
686  658.858  0
687  659.022  0
688  659.187  0
689  659.351  0
690  659.515  0
691  659.68  0
692  659.844  0
693  660.008  0
694  660.172  0
695  660.337  0
696  660.501  0
697  660.665  0
698  660.83  0
699  660.994  0
700  661.158  0
701  661.322  0
702  661.487  0
703  661.651  0
704  661.815  0
705  661.979  0
706  662.144  0
707  662.308  0
708  662.472  0
709  662.636  0
710  662.8  0
711  662.965  0
712  663.129  0
713  663.293  0
714  663.457  0
715  663.621  0
716  663.786  0
717  663.95  0
718  664.114  0
719  664.278  0
720  664.442  0
721  664.606  0
722  664.77  0
723  664.935  0
724  665.099  0
725  665.263  0
726  665.427  0
727  665.591  0
728  665.755  0
729  665.919  0
730  666.083  0
731  666.247  0
732  666.411  0
733  666.575  0
734  666.74  0
735  666.904  0
736  667.068  0
737  667.232  0
738  667.396  0
739  667.56  0
740  667.724  0
741  667.888  0
742  668.052  0
743  668.216  0
744  668.38  0
745  668.544  0
746  668.708  0
747  668.872  0
748  669.036  0
749  669.2  0
750  669.364  0
751  669.527  0
752  669.691  0
753  669.855  0
754  670.019  0
755  670.183  0
756  670.347  0
757  670.511  0
758  670.675  0
759  670.839  0
760  671.003  0
761  671.167  0
762  671.331  0
763  671.494  0
764  671.658  0
765  671.822  0
766  671.986  0
767  672.15  0
768  672.314  0
769  672.478  0
770  672.641  0
771  672.805  0
772  672.969  0
773  673.133  0
774  673.297  0
775  673.46  0
776  673.624  0
777  673.788  0
778  673.952  0
779  674.116  0
780  674.279  0
781  674.443  0
782  674.607  0
783  674.771  0
784  674.934  0
785  675.098  0
786  675.262  0
787  675.426  0
788  675.589  0
789  675.753  0
790  675.917  0
791  676.08  0
792  676.244  0
793  676.408  0
794  676.571  0
795  676.735  0
796  676.899  0
797  677.062  0
798  677.226  0
799  677.39  0
800  677.553  0
801  677.717  0
802  677.881  0
803  678.044  0
804  678.208  0
805  678.372  0
806  678.535  0
807  678.699  0
808  678.862  0
809  679.026  0
810  679.19  0
811  679.353  0
812  679.517  0
813  679.68  0
814  679.844  0
815  680.007  0
816  680.171  0
817  680.334  0
818  680.498  0
819  680.661  0
820  680.825  0
821  680.989  0
822  681.152  0
823  681.315  0
824  681.479  0
825  681.642  0
826  681.806  0
827  681.969  0
828  682.133  0
829  682.296  0
830  682.46  0
831  682.623  0
832  682.787  0
833  682.95  0
834  683.114  0
835  683.277  0
836  683.44  0
837  683.604  0
838  683.767  0
839  683.931  0
840  684.094  0
841  684.257  0
842  684.421  0
843  684.584  0
844  684.747  0
845  684.911  0
846  685.074  0
847  685.237  0
848  685.401  0
849  685.564  0
850  685.727  0
851  685.891  0
852  686.054  0
853  686.217  0
854  686.381  0
855  686.544  0
856  686.707  0
857  686.871  0
858  687.034  0
859  687.197  0
860  687.36  0
861  687.524  0
862  687.687  0
863  687.85  0
864  688.013  0
865  688.177  0
866  688.34  0
867  688.503  0
868  688.666  0
869  688.829  0
870  688.993  0
871  689.156  0
872  689.319  0
873  689.482  0
874  689.645  0
875  689.809  0
876  689.972  0
877  690.135  0
878  690.298  0
879  690.461  0
880  690.624  0
881  690.787  0
882  690.95  0
883  691.114  0
884  691.277  0
885  691.44  0
886  691.603  0
887  691.766  0
888  691.929  0
889  692.092  0
890  692.255  0
891  692.418  0
892  692.581  0
893  692.744  0
894  692.907  0
895  693.07  0
896  693.233  0
897  693.396  0
898  693.56  0
899  693.722  0
900  693.885  0
901  694.048  0
902  694.211  0
903  694.374  0
904  694.537  0
905  694.7  0
906  694.863  0
907  695.026  0
908  695.189  0
909  695.352  0
910  695.515  0
911  695.678  0
912  695.841  0
913  696.004  0
914  696.167  0
915  696.33  0
916  696.493  0
917  696.656  0
918  696.818  0
919  696.981  0
920  697.144  0
921  697.307  0
922  697.47  0
923  697.633  0
924  697.796  0
925  697.958  0
926  698.121  0
927  698.284  0
928  698.447  0
929  698.61  0
930  698.772  0
931  698.935  0
932  699.098  0
933  699.261  0
934  699.424  0
935  699.586  0
936  699.749  0
937  699.912  0
938  700.075  0
939  700.237  0
940  700.4  0
941  700.563  0
942  700.726  0
943  700.888  0
944  701.051  0
945  701.214  0
946  701.376  0
947  701.539  0
948  701.702  0
949  701.864  0
950  702.027  0
951  702.19  0
952  702.352  0
953  702.515  0
954  702.678  0
955  702.84  0
956  703.003  0
957  703.166  0
958  703.328  0
959  703.491  0
960  703.654  0
961  703.816  0
962  703.979  0
963  704.141  0
964  704.304  0
965  704.466  0
966  704.629  0
967  704.792  0
968  704.954  0
969  705.117  0
970  705.279  0
971  705.442  0
972  705.604  0
973  705.767  0
974  705.929  0
975  706.092  0
976  706.254  0
977  706.417  0
978  706.579  0
979  706.742  0
980  706.904  0
981  707.067  0
982  707.229  0
983  707.392  0
984  707.554  0
985  707.717  0
986  707.879  0
987  708.041  0
988  708.204  0
989  708.366  0
990  708.529  0
991  708.691  0
992  708.853  0
993  709.016  0
994  709.178  0
995  709.34  0
996  709.503  0
997  709.665  0
998  709.828  0
999  709.99  0
1000  710.152  0
1001  710.315  0
1002  710.477  0
1003  710.639  0
1004  710.802  0
1005  710.964  0
1006  711.126  0
1007  711.288  0
1008  711.451  0
1009  711.613  0
1010  711.775  0
1011  711.938  0
1012  712.1  0
1013  712.262  0
1014  712.424  0
1015  712.587  0
1016  712.749  0
1017  712.911  0
1018  713.073  0
1019  713.235  0
1020  713.398  0
1021  713.56  0
1022  713.722  0
1023  713.884  0
1024  714.046  0
1025  714.208  0
1026  714.371  0
1027  714.533  0
1028  714.695  0
1029  714.857  0
1030  715.019  0
1031  715.181  0
1032  715.343  0
1033  715.506  0
1034  715.668  0
1035  715.83  0
1036  715.992  0
1037  716.154  0
1038  716.316  0
1039  716.478  0
1040  716.64  0
1041  716.802  0
1042  716.964  0
1043  717.126  0
1044  717.288  0
1045  717.45  0
1046  717.612  0
1047  717.775  0
1048  717.936  0
1049  718.099  0
1050  718.26  0
1051  718.423  0
1052  718.584  0
1053  718.746  0
1054  718.908  0
1055  719.07  0
1056  719.232  0
1057  719.394  0
1058  719.556  0
1059  719.718  0
1060  719.88  0
1061  720.042  0
1062  720.204  0
1063  720.366  0
1064  720.528  0
1065  720.69  0
1066  720.852  0
1067  721.013  0
1068  721.175  0
1069  721.337  0
1070  721.499  0
1071  721.661  0
1072  721.823  0
1073  721.985  0
1074  722.146  0
1075  722.308  0
1076  722.47  0
1077  722.632  0
1078  722.794  0
1079  722.956  0
1080  723.117  0
1081  723.279  0
1082  723.441  0
1083  723.603  0
1084  723.764  0
1085  723.926  0
1086  724.088  0
1087  724.25  0
1088  724.411  0
1089  724.573  0
1090  724.735  0
1091  724.897  0
1092  725.058  0
1093  725.22  0
1094  725.382  0
1095  725.543  0
1096  725.705  0
1097  725.867  0
1098  726.028  0
1099  726.19  0
1100  726.352  0
1101  726.513  0
1102  726.675  0
1103  726.837  0
1104  726.998  0
1105  727.16  0
1106  727.322  0
1107  727.483  0
1108  727.645  0
1109  727.806  0
1110  727.968  0
1111  728.129  0
1112  728.291  0
1113  728.453  0
1114  728.614  0
1115  728.776  0
1116  728.937  0
1117  729.099  0
1118  729.26  0
1119  729.422  0
1120  729.583  0
1121  729.745  0
1122  729.906  0
1123  730.068  0
1124  730.229  0
1125  730.391  0
1126  730.552  0
1127  730.714  0
1128  730.875  0
1129  731.037  0
1130  731.198  0
1131  731.36  0
1132  731.521  0
1133  731.682  0
1134  731.844  0
1135  732.005  0
1136  732.167  0
1137  732.328  0
1138  732.489  0
1139  732.651  0
1140  732.812  0
1141  732.974  0
1142  733.135  0
1143  733.296  0
1144  733.458  0
1145  733.619  0
1146  733.78  0
1147  733.942  0
1148  734.103  0
1149  734.264  0
1150  734.426  0
1151  734.587  0
1152  734.748  0
1153  734.909  0
1154  735.071  0
1155  735.232  0
1156  735.393  0
1157  735.554  0
1158  735.716  0
1159  735.877  0
1160  736.038  0
1161  736.199  0
1162  736.361  0
1163  736.522  0
1164  736.683  0
1165  736.844  1.88858e-312
1166  737.005  2.99391e+264
1167  737.167  1.99908e+161
1168  737.328  7.27184e+228
1169  737.489  1.40075e-76
1170  737.65  2.94525e+256
1171  737.811  9.55476e-308
1172  737.972  7.00259e-313
1173  738.134  1.0567e-303
1174  738.295  1.10909e-303
1175  738.456  0
1176  738.617  5.09279e-313
1177  738.778  5.1869e+180
1178  738.939  1.05813e-303
1179  739.1  1.40156e-309
1180  739.261  9.86063e-315
1181  739.422  0
1182  739.584  0
1183  739.745  0
1184  739.906  0
1185  740.067  3.12226e-33
1186  740.228  1.16324e-47
1187  740.389  9.62436e-308
1188  740.55  6.73928e+212
1189  740.711  1.13924e-305
1190  740.872  3.56012e-306
1191  741.033  5.69712e-305
1192  741.194  1.93235e-231
1193  741.355  1.63121e-311
1194  741.516  -2.1927e+289
1195  741.677  9.34287e-67
1196  741.838  9.74508e+77
1197  741.999  2.58906e-106
1198  742.16  1.01563e-307
1199  742.321  2.798e-135
1200  742.482  2.66199e-310
1201  742.643  3.1844e+154
1202  742.804  6.40667e-145
1203  742.965  1.61953e-64
1204  743.125  1.87029e+53
1205  743.286  9.54631e-310
1206  743.447  0
1207  743.608  0
1208  743.769  0
1209  743.93  0
1210  744.091  0
1211  744.252  0
1212  744.413  0
1213  744.573  0
1214  744.734  0
1215  744.895  0
1216  745.056  -2.97239e-182
1217  745.217  2.05931e-317
1218  745.378  8.65867e-156
1219  745.539  -1.0971e+304
1220  745.699  -1.0971e+304
1221  745.86  -1.0971e+304
1222  746.021  -1.0971e+304
1223  746.182  -1.0971e+304
1224  746.342  -1.0971e+304
1225  746.503  -1.0971e+304
1226  746.664  2.22456e-308
1227  746.825  0
1228  746.985  0
1229  747.146  0
1230  747.307  0
1231  747.468  0
1232  747.628  0
1233  747.789  0
1234  747.95  0
1235  748.111  0
1236  748.271  0
1237  748.432  0
1238  748.593  0
1239  748.753  0
1240  748.914  0
1241  749.075  0
1242  749.235  0
1243  749.396  0
1244  749.556  0
1245  749.717  0
1246  749.878  0
1247  750.038  0
1248  750.199  0
1249  750.359  0
1250  750.52  0
1251  750.681  0
1252  750.841  0
1253  751.002  0
1254  751.162  0
1255  751.323  0
1256  751.484  0
1257  751.644  0
1258  751.805  0
1259  751.965  0
1260  752.126  0
1261  752.286  0
1262  752.447  0
1263  752.607  0
1264  752.768  0
1265  752.928  0
1266  753.089  0
1267  753.249  0
1268  753.41  0
1269  753.57  0
1270  753.73  0
1271  753.891  0
1272  754.051  0
1273  754.212  0
1274  754.372  0
1275  754.533  0
1276  754.693  0
1277  754.853  0
1278  755.014  0
1279  755.174  0
1280  755.334  0
1281  755.495  0
1282  755.655  0
1283  755.816  0
1284  755.976  0
1285  756.136  0
1286  756.297  0
1287  756.457  0
1288  756.617  0
1289  756.777  0
1290  756.938  0
1291  757.098  0
1292  757.258  0
1293  757.419  0
1294  757.579  0
1295  757.739  0
1296  757.899  0
1297  758.06  0
1298  758.22  0
1299  758.38  0
1300  758.54  0
1301  758.701  0
1302  758.861  0
1303  759.021  0
1304  759.181  0
1305  759.341  0
1306  759.502  0
1307  759.662  0
1308  759.822  0
1309  759.982  0
1310  760.142  0
1311  760.302  0
1312  760.463  0
1313  760.623  0
1314  760.783  0
1315  760.943  0
1316  761.103  0
1317  761.263  0
1318  761.423  0
1319  761.583  0
1320  761.743  0
1321  761.903  0
1322  762.063  0
1323  762.224  0
1324  762.384  0
1325  762.544  0
1326  762.704  0
1327  762.864  0
1328  763.024  0
1329  763.184  0
1330  763.344  0
1331  763.504  0
1332  763.664  0
1333  763.824  0
1334  763.984  0
1335  764.144  0
1336  764.304  0
1337  764.464  0
1338  764.624  0
1339  764.784  0
1340  764.943  0
1341  765.103  0
1342  765.263  0
1343  765.423  0
1344  765.583  0
1345  765.743  0
1346  765.903  0
1347  766.063  0
1348  766.223  0
1349  766.382  0
1350  766.542  0
1351  766.702  0
1352  766.862  0
1353  767.022  0
1354  767.182  0
1355  767.341  0
1356  767.501  0
1357  767.661  0
1358  767.821  0
1359  767.981  0
1360  768.14  0
1361  768.3  0
1362  768.46  0
1363  768.62  0
1364  768.779  0
1365  768.939  0
1366  769.099  0
1367  769.259  0
1368  769.418  0
1369  769.578  0
1370  769.738  0
1371  769.898  0
1372  770.057  0
1373  770.217  0
1374  770.377  0
1375  770.536  0
1376  770.696  0
1377  770.856  0
1378  771.015  0
1379  771.175  0
1380  771.335  0
1381  771.494  0
1382  771.654  0
1383  771.813  0
1384  771.973  0
1385  772.133  0
1386  772.292  0
1387  772.452  0
1388  772.611  0
1389  772.771  0
1390  772.93  0
1391  773.09  0
1392  773.25  0
1393  773.409  0
1394  773.569  0
1395  773.728  0
1396  773.888  0
1397  774.047  0
1398  774.207  0
1399  774.366  0
1400  774.526  0
1401  774.685  0
1402  774.844  0
1403  775.004  0
1404  775.163  0
1405  775.323  0
1406  775.482  0
1407  775.642  0
1408  775.801  0
1409  775.961  0
1410  776.12  0
1411  776.279  0
1412  776.439  0
1413  776.598  0
1414  776.758  0
1415  776.917  0
1416  777.076  0
1417  777.236  0
1418  777.395  0
1419  777.554  0
1420  777.714  0
1421  777.873  0
1422  778.032  0
1423  778.192  0
1424  778.351  0
1425  778.51  0
1426  778.669  0
1427  778.829  0
1428  778.988  0
1429  779.147  0
1430  779.307  0
1431  779.466  0
1432  779.625  0
1433  779.784  0
1434  779.943  0
1435  780.103  0
1436  780.262  0
1437  780.421  0
1438  780.58  0
1439  780.739  0
1440  780.899  0
1441  781.058  0
1442  781.217  0
1443  781.376  0
1444  781.535  0
1445  781.694  0
1446  781.854  0
1447  782.013  0
1448  782.172  0
1449  782.331  0
1450  782.49  0
1451  782.649  0
1452  782.808  0
1453  782.967  0
1454  783.126  0
1455  783.285  0
1456  783.444  0
1457  783.603  0
1458  783.762  0
1459  783.922  0
1460  784.081  0
1461  784.24  0
1462  784.399  0
1463  784.558  0
1464  784.717  0
1465  784.876  0
1466  785.034  0
1467  785.193  0
1468  785.352  0
1469  785.511  0
1470  785.67  0
1471  785.829  0
1472  785.988  0
1473  786.147  0
1474  786.306  0
1475  786.465  0
1476  786.624  0
1477  786.783  0
1478  786.942  0
1479  787.101  0
1480  787.259  0
1481  787.418  0
1482  787.577  0
1483  787.736  0
1484  787.895  0
1485  788.054  0
1486  788.213  0
1487  788.371  0
1488  788.53  0
1489  788.689  0
1490  788.848  0
1491  789.006  0
1492  789.165  0
1493  789.324  0
1494  789.483  0
1495  789.642  0
1496  789.8  0
1497  789.959  0
1498  790.118  0
1499  790.277  0
1500  790.435  0
1501  790.594  0
1502  790.753  0
1503  790.911  0
1504  791.07  0
1505  791.229  0
1506  791.387  0
1507  791.546  0
1508  791.705  0
1509  791.863  0
1510  792.022  0
1511  792.181  0
1512  792.339  0
1513  792.498  0
1514  792.656  0
1515  792.815  0
1516  792.974  0
1517  793.132  0
1518  793.291  0
1519  793.449  0
1520  793.608  0
1521  793.766  0
1522  793.925  0
1523  794.084  0
1524  794.242  0
1525  794.401  0
1526  794.559  0
1527  794.718  0
1528  794.876  0
1529  795.035  0
1530  795.193  0
1531  795.352  0
1532  795.51  0
1533  795.668  0
1534  795.827  0
1535  795.985  0
1536  796.144  0
1537  796.302  0
1538  796.461  0
1539  796.619  0
1540  796.777  0
1541  796.936  0
1542  797.094  0
1543  797.253  0
1544  797.411  0
1545  797.569  0
1546  797.728  0
1547  797.886  0
1548  798.044  0
1549  798.203  0
1550  798.361  0
1551  798.519  0
1552  798.678  0
1553  798.836  0
1554  798.994  0
1555  799.153  0
1556  799.311  0
1557  799.469  0
1558  799.627  0
1559  799.786  0
1560  799.944  0
1561  800.102  0
1562  800.26  0
1563  800.419  0
1564  800.577  0
1565  800.735  0
1566  800.893  0
1567  801.051  0
1568  801.21  0
1569  801.368  0
1570  801.526  0
1571  801.684  0
1572  801.842  0
1573  802  0
1574  802.159  0
1575  802.317  0
1576  802.475  0
1577  802.633  0
1578  802.791  0
1579  802.949  0
1580  803.107  0
1581  803.265  0
1582  803.423  0
1583  803.581  0
1584  803.739  0
1585  803.898  0
1586  804.056  0
1587  804.214  0
1588  804.372  0
1589  804.53  0
1590  804.688  0
1591  804.846  0
1592  805.004  0
1593  805.162  0
1594  805.32  0
1595  805.478  0
1596  805.636  0
1597  805.793  0
1598  805.951  0
1599  806.109  0
1600  806.267  0
1601  806.425  0
1602  806.583  0
1603  806.741  0
1604  806.899  0
1605  807.057  0
1606  807.215  0
1607  807.373  0
1608  807.53  0
1609  807.688  0
1610  807.846  0
1611  808.004  0
1612  808.162  0
1613  808.32  0
1614  808.478  0
1615  808.635  0
1616  808.793  0
1617  808.951  0
1618  809.109  0
1619  809.266  0
1620  809.424  0
1621  809.582  0
1622  809.74  0
1623  809.897  0
1624  810.055  0
1625  810.213  0
1626  810.371  0
1627  810.528  0
1628  810.686  0
1629  810.844  0
1630  811.002  0
1631  811.159  0
1632  811.317  0
1633  811.475  0
1634  811.632  0
1635  811.79  0
1636  811.947  0
1637  812.105  0
1638  812.263  0
1639  812.42  0
1640  812.578  0
1641  812.736  0
1642  812.893  0
1643  813.051  0
1644  813.208  0
1645  813.366  0
1646  813.523  0
1647  813.681  0
1648  813.839  0
1649  813.996  0
1650  814.154  0
1651  814.311  0
1652  814.469  0
1653  814.626  0
1654  814.784  0
1655  814.941  0
1656  815.099  0
1657  815.256  0
1658  815.414  0
1659  815.571  0
1660  815.729  0
1661  815.886  0
1662  816.043  0
1663  816.201  0
1664  816.358  0
1665  816.516  0
1666  816.673  0
1667  816.83  0
1668  816.988  0
1669  817.145  0
1670  817.303  0
1671  817.46  0
1672  817.617  0
1673  817.775  0
1674  817.932  0
1675  818.089  0
1676  818.247  0
1677  818.404  0
1678  818.561  0
1679  818.718  0
1680  818.876  0
1681  819.033  0
1682  819.19  0
1683  819.348  0
1684  819.505  0
1685  819.662  0
1686  819.819  0
1687  819.977  0
1688  820.134  0
1689  820.291  0
1690  820.448  0
1691  820.605  0
1692  820.763  0
1693  820.92  0
1694  821.077  0
1695  821.234  0
1696  821.391  0
1697  821.548  0
1698  821.706  0
1699  821.863  0
1700  822.02  0
1701  822.177  0
1702  822.334  0
1703  822.491  0
1704  822.648  0
1705  822.805  0
1706  822.962  0
1707  823.119  0
1708  823.276  0
1709  823.434  0
1710  823.591  0
1711  823.748  0
1712  823.905  0
1713  824.062  0
1714  824.219  0
1715  824.376  0
1716  824.533  0
1717  824.69  0
1718  824.847  0
1719  825.004  0
1720  825.161  0
1721  825.318  0
1722  825.474  0
1723  825.631  0
1724  825.788  0
1725  825.945  0
1726  826.102  0
1727  826.259  0
1728  826.416  0
1729  826.573  0
1730  826.73  0
1731  826.887  0
1732  827.043  0
1733  827.2  0
1734  827.357  0
1735  827.514  0
1736  827.671  0
1737  827.828  0
1738  827.984  0
1739  828.141  0
1740  828.298  0
1741  828.455  0
1742  828.612  0
1743  828.768  0
1744  828.925  0
1745  829.082  0
1746  829.239  0
1747  829.395  0
1748  829.552  0
1749  829.709  0
1750  829.865  0
1751  830.022  0
1752  830.179  0
1753  830.336  0
1754  830.492  0
1755  830.649  0
1756  830.806  0
1757  830.962  0
1758  831.119  0
1759  831.276  0
1760  831.432  0
1761  831.589  0
1762  831.745  0
1763  831.902  0
1764  832.059  0
1765  832.215  0
1766  832.372  0
1767  832.528  0
1768  832.685  0
1769  832.842  0
1770  832.998  0
1771  833.155  0
1772  833.311  0
1773  833.468  0
1774  833.624  0
1775  833.781  0
1776  833.937  0
1777  834.094  0
1778  834.25  0
1779  834.407  0
1780  834.563  0
1781  834.72  0
1782  834.876  0
1783  835.032  0
1784  835.189  0
1785  835.345  0
1786  835.502  0
1787  835.658  0
1788  835.814  0
1789  835.971  0
1790  836.127  0
1791  836.284  0
1792  836.44  0
1793  836.596  0
1794  836.753  0
1795  836.909  0
1796  837.065  0
1797  837.222  0
1798  837.378  0
1799  837.534  0
1800  837.691  0
1801  837.847  0
1802  838.003  0
1803  838.159  0
1804  838.316  0
1805  838.472  0
1806  838.628  0
1807  838.784  0
1808  838.941  0
1809  839.097  0
1810  839.253  0
1811  839.409  0
1812  839.565  0
1813  839.722  0
1814  839.878  0
1815  840.034  0
1816  840.19  0
1817  840.346  0
1818  840.503  0
1819  840.659  0
1820  840.815  0
1821  840.971  0
1822  841.127  0
1823  841.283  0
1824  841.439  0
1825  841.595  0
1826  841.751  0
1827  841.907  0
1828  842.063  0
1829  842.22  0
1830  842.376  0
1831  842.532  0
1832  842.688  0
1833  842.844  0
1834  843  0
1835  843.156  0
1836  843.312  0
1837  843.468  0
1838  843.624  0
1839  843.78  0
1840  843.936  0
1841  844.092  0
1842  844.247  0
1843  844.403  0
1844  844.559  0
1845  844.715  0
1846  844.871  0
1847  845.027  0
1848  845.183  0
1849  845.339  0
1850  845.495  0
1851  845.651  0
1852  845.806  0
1853  845.962  0
1854  846.118  0
1855  846.274  0
1856  846.43  0
1857  846.586  0
1858  846.741  0
1859  846.897  0
1860  847.053  0
1861  847.209  0
1862  847.365  0
1863  847.52  0
1864  847.676  0
1865  847.832  0
1866  847.988  0
1867  848.143  0
1868  848.299  0
1869  848.455  0
1870  848.61  0
1871  848.766  0
1872  848.922  0
1873  849.078  0
1874  849.233  0
1875  849.389  0
1876  849.544  0
1877  849.7  0
1878  849.856  0
1879  850.011  0
1880  850.167  0
1881  850.323  0
1882  850.478  0
1883  850.634  0
1884  850.789  0
1885  850.945  0
1886  851.101  0
1887  851.256  0
1888  851.412  0
1889  851.567  0
1890  851.723  0
1891  851.878  0
1892  852.034  0
1893  852.189  0
1894  852.345  0
1895  852.5  0
1896  852.656  0
1897  852.811  0
1898  852.967  0
1899  853.122  0
1900  853.278  0
1901  853.433  0
1902  853.589  0
1903  853.744  0
1904  853.899  0
1905  854.055  0
1906  854.21  0
1907  854.366  0
1908  854.521  0
1909  854.676  0
1910  854.832  0
1911  854.987  0
1912  855.143  0
1913  855.298  0
1914  855.453  0
1915  855.609  0
1916  855.764  0
1917  855.919  0
1918  856.074  0
1919  856.23  0
1920  856.385  0
1921  856.54  0
1922  856.695  0
1923  856.851  0
1924  857.006  0
1925  857.161  0
1926  857.316  0
1927  857.472  0
1928  857.627  0
1929  857.782  0
1930  857.937  0
1931  858.092  0
1932  858.248  0
1933  858.403  0
1934  858.558  0
1935  858.713  0
1936  858.868  0
1937  859.023  0
1938  859.178  0
1939  859.334  0
1940  859.489  0
1941  859.644  0
1942  859.799  0
1943  859.954  0
1944  860.109  0
1945  860.264  0
1946  860.419  0
1947  860.574  0
1948  860.729  0
1949  860.884  0
1950  861.039  0
1951  861.194  0
1952  861.349  0
1953  861.504  0
1954  861.659  0
1955  861.814  0
1956  861.969  0
1957  862.124  0
1958  862.279  0
1959  862.434  0
1960  862.589  0
1961  862.744  0
1962  862.899  0
1963  863.054  0
1964  863.209  0
1965  863.364  0
1966  863.518  0
1967  863.673  0
1968  863.828  0
1969  863.983  0
1970  864.138  0
1971  864.293  0
1972  864.447  0
1973  864.602  0
1974  864.757  0
1975  864.912  0
1976  865.067  0
1977  865.221  0
1978  865.376  0
1979  865.531  0
1980  865.686  0
1981  865.841  0
1982  865.995  0
1983  866.15  0
1984  866.305  0
1985  866.459  0
1986  866.614  0
1987  866.769  0
1988  866.923  0
1989  867.078  0
1990  867.233  0
1991  867.388  0
1992  867.542  0
1993  867.697  0
1994  867.852  0
1995  868.006  0
1996  868.161  0
1997  868.315  0
1998  868.47  0
1999  868.625  0
2000  868.779  0
2001  868.934  0
2002  869.088  0
2003  869.243  0
2004  869.397  0
2005  869.552  0
2006  869.706  0
2007  869.861  0
2008  870.015  0
2009  870.17  0
2010  870.324  0
2011  870.479  0
2012  870.633  0
2013  870.788  0
2014  870.942  0
2015  871.097  0
2016  871.251  0
2017  871.406  0
2018  871.56  0
2019  871.715  0
2020  871.869  0
2021  872.023  0
2022  872.178  0
2023  872.332  0
2024  872.487  0
2025  872.641  0
2026  872.795  0
2027  872.95  0
2028  873.104  0
2029  873.258  0
2030  873.413  0
2031  873.567  0
2032  873.721  0
2033  873.875  0
2034  874.03  0
2035  874.184  0
2036  874.338  0
2037  874.492  0
2038  874.647  0
2039  874.801  0
2040  874.955  0
2041  875.109  0
2042  875.264  0
2043  875.418  0
2044  875.572  0
2045  875.726  0
2046  875.88  0
2047  876.035  0
2048  876.189  0
2049  876.343  0
2050  876.497  0
2051  876.651  0
2052  876.805  0
2053  876.959  0
2054  877.113  0
2055  877.268  0
2056  877.422  0
2057  877.576  0
2058  877.73  0
2059  877.884  0
2060  878.038  0
2061  878.192  0
2062  878.346  0
2063  878.5  0
2064  878.654  0
2065  878.808  0
2066  878.962  0
2067  879.116  0
2068  879.27  0
2069  879.424  0
2070  879.578  0
2071  879.732  0
2072  879.886  0
2073  880.04  0
2074  880.194  0
2075  880.348  0
2076  880.502  0
2077  880.655  0
2078  880.809  0
2079  880.963  0
2080  881.117  0
2081  881.271  0
2082  881.425  0
2083  881.579  0
2084  881.732  0
2085  881.886  0
2086  882.04  0
2087  882.194  0
2088  882.348  0
2089  882.501  0
2090  882.655  0
2091  882.809  0
2092  882.963  0
2093  883.117  0
2094  883.27  0
2095  883.424  0
2096  883.578  0
2097  883.732  0
2098  883.885  0
2099  884.039  0
2100  884.193  0
2101  884.346  0
2102  884.5  0
2103  884.654  0
2104  884.807  0
2105  884.961  0
2106  885.115  0
2107  885.268  0
2108  885.422  0
2109  885.576  0
2110  885.729  0
2111  885.883  0
2112  886.036  0
2113  886.19  0
2114  886.343  0
2115  886.497  0
2116  886.651  0
2117  886.804  0
2118  886.958  0
2119  887.111  0
2120  887.265  0
2121  887.418  0
2122  887.572  0
2123  887.725  0
2124  887.879  0
2125  888.032  0
2126  888.186  0
2127  888.339  0
2128  888.493  0
2129  888.646  0
2130  888.799  0
2131  888.953  0
2132  889.106  0
2133  889.26  0
2134  889.413  0
2135  889.566  0
2136  889.72  0
2137  889.873  0
2138  890.026  0
2139  890.18  0
2140  890.333  0
2141  890.486  0
2142  890.64  0
2143  890.793  0
2144  890.946  0
2145  891.1  0
2146  891.253  0
2147  891.406  0
2148  891.559  0
2149  891.713  0
2150  891.866  0
2151  892.019  0
2152  892.172  0
2153  892.326  0
2154  892.479  0
2155  892.632  0
2156  892.785  0
2157  892.938  0
2158  893.092  0
2159  893.245  0
2160  893.398  0
2161  893.551  0
2162  893.704  0
2163  893.857  0
2164  894.01  0
2165  894.164  0
2166  894.317  0
2167  894.47  0
2168  894.623  0
2169  894.776  0
2170  894.929  0
2171  895.082  0
2172  895.235  0
2173  895.388  0
2174  895.541  0
2175  895.694  0
2176  895.847  0
2177  896  0
2178  896.153  0
2179  896.306  0
2180  896.459  0
2181  896.612  0
2182  896.765  0
2183  896.918  0
2184  897.071  0
2185  897.224  0
2186  897.377  0
2187  897.529  0
2188  897.682  0
2189  897.835  0
2190  897.988  0
2191  898.141  0
2192  898.294  0
2193  898.447  0
2194  898.6  0
2195  898.752  0
2196  898.905  0
2197  899.058  0
2198  899.211  0
2199  899.364  0
2200  899.516  0
2201  899.669  0
2202  899.822  0
2203  899.975  0
2204  900.128  0
2205  900.28  0
2206  900.433  0
2207  900.586  0
2208  900.738  0
2209  900.891  0
2210  901.044  0
2211  901.196  0
2212  901.349  0
2213  901.502  0
2214  901.654  0
2215  901.807  0
2216  901.96  0
2217  902.112  0
2218  902.265  0
2219  902.418  0
2220  902.57  0
2221  902.723  0
2222  902.875  0
2223  903.028  0
2224  903.181  0
2225  903.333  0
2226  903.486  0
2227  903.638  0
2228  903.791  0
2229  903.943  0
2230  904.096  0
2231  904.248  0
2232  904.401  0
2233  904.553  0
2234  904.706  0
2235  904.858  0
2236  905.011  0
2237  905.163  0
2238  905.315  0
2239  905.468  0
2240  905.62  0
2241  905.773  0
2242  905.925  0
2243  906.078  0
2244  906.23  0
2245  906.382  0
2246  906.535  0
2247  906.687  0
2248  906.839  0
2249  906.992  0
2250  907.144  0
2251  907.296  0
2252  907.449  0
2253  907.601  0
2254  907.753  0
2255  907.906  0
2256  908.058  0
2257  908.21  0
2258  908.362  0
2259  908.515  0
2260  908.667  0
2261  908.819  0
2262  908.971  0
2263  909.123  0
2264  909.276  0
2265  909.428  0
2266  909.58  0
2267  909.732  0
2268  909.884  0
2269  910.036  0
2270  910.189  0
2271  910.341  0
2272  910.493  0
2273  910.645  0
2274  910.797  0
2275  910.949  0
2276  911.101  0
2277  911.253  0
2278  911.405  0
2279  911.557  0
2280  911.709  0
2281  911.861  0
2282  912.013  0
2283  912.165  0
2284  912.317  0
2285  912.47  0
2286  912.621  0
2287  912.773  0
2288  912.925  0
2289  913.077  0
2290  913.229  0
2291  913.381  0
2292  913.533  0
2293  913.685  0
2294  913.837  0
2295  913.989  0
2296  914.141  0
2297  914.293  0
2298  914.445  0
2299  914.596  0
2300  914.748  0
2301  914.9  0
2302  915.052  0
2303  915.204  0
2304  915.356  0
2305  915.507  0
2306  915.659  0
2307  915.811  0
2308  915.963  0
2309  916.115  0
2310  916.266  0
2311  916.418  0
2312  916.57  0
2313  916.722  0
2314  916.873  0
2315  917.025  0
2316  917.177  0
2317  917.328  0
2318  917.48  0
2319  917.632  0
2320  917.784  0
2321  917.935  0
2322  918.087  0
2323  918.238  0
2324  918.39  0
2325  918.542  0
2326  918.693  0
2327  918.845  0
2328  918.997  0
2329  919.148  0
2330  919.3  0
2331  919.451  0
2332  919.603  0
2333  919.754  0
2334  919.906  0
2335  920.057  0
2336  920.209  0
2337  920.36  0
2338  920.512  0
2339  920.663  0
2340  920.815  0
2341  920.966  0
2342  921.118  0
2343  921.269  0
2344  921.421  0
2345  921.572  0
2346  921.724  0
2347  921.875  0
2348  922.026  0
2349  922.178  0
2350  922.329  0
2351  922.481  0
2352  922.632  0
2353  922.783  0
2354  922.935  0
2355  923.086  0
2356  923.237  0
2357  923.389  0
2358  923.54  0
2359  923.691  0
2360  923.843  0
2361  923.994  0
2362  924.145  0
2363  924.296  0
2364  924.448  0
2365  924.599  0
2366  924.75  0
2367  924.901  0
2368  925.053  0
2369  925.204  0
2370  925.355  0
2371  925.506  0
2372  925.657  0
2373  925.808  0
2374  925.96  0
2375  926.111  0
2376  926.262  0
2377  926.413  0
2378  926.564  0
2379  926.715  0
2380  926.866  0
2381  927.017  0
2382  927.168  0
2383  927.32  0
2384  927.471  0
2385  927.622  0
2386  927.773  0
2387  927.924  0
2388  928.075  0
2389  928.226  0
2390  928.377  0
2391  928.528  0
2392  928.679  0
2393  928.83  0
2394  928.981  0
2395  929.132  0
2396  929.283  0
2397  929.434  0
2398  929.584  0
2399  929.735  0
2400  929.886  0
2401  930.037  0
2402  930.188  0
2403  930.339  0
2404  930.49  0
2405  930.641  0
2406  930.791  0
2407  930.942  0
2408  931.093  0
2409  931.244  0
2410  931.395  0
2411  931.546  0
2412  931.696  0
2413  931.847  0
2414  931.998  0
2415  932.149  0
2416  932.299  0
2417  932.45  0
2418  932.601  0
2419  932.752  0
2420  932.902  0
2421  933.053  0
2422  933.204  0
2423  933.354  0
2424  933.505  0
2425  933.656  0
2426  933.807  0
2427  933.957  0
2428  934.108  0
2429  934.258  0
2430  934.409  0
2431  934.56  0
2432  934.71  0
2433  934.861  0
2434  935.011  0
2435  935.162  0
2436  935.312  0
2437  935.463  0
2438  935.614  0
2439  935.764  0
2440  935.915  0
2441  936.065  0
2442  936.216  0
2443  936.366  0
2444  936.517  0
2445  936.667  0
2446  936.818  0
2447  936.968  0
2448  937.119  0
2449  937.269  0
2450  937.419  0
2451  937.57  0
2452  937.72  0
2453  937.871  0
2454  938.021  0
2455  938.171  0
2456  938.322  0
2457  938.472  0
2458  938.622  0
2459  938.773  0
2460  938.923  0
2461  939.073  0
2462  939.224  0
2463  939.374  0
2464  939.524  0
2465  939.675  0
2466  939.825  0
2467  939.975  0
2468  940.125  0
2469  940.276  0
2470  940.426  0
2471  940.576  0
2472  940.726  0
2473  940.876  0
2474  941.027  0
2475  941.177  0
2476  941.327  0
2477  941.477  0
2478  941.627  0
2479  941.777  0
2480  941.928  0
2481  942.078  0
2482  942.228  0
2483  942.378  0
2484  942.528  0
2485  942.678  0
2486  942.828  0
2487  942.978  0
2488  943.128  0
2489  943.278  0
2490  943.428  0
2491  943.578  0
2492  943.729  0
2493  943.878  0
2494  944.028  0
2495  944.178  0
2496  944.328  0
2497  944.478  0
2498  944.628  0
2499  944.778  0
2500  944.928  0
2501  945.078  0
2502  945.228  0
2503  945.378  0
2504  945.528  0
2505  945.678  0
2506  945.828  0
2507  945.978  0
2508  946.127  0
2509  946.277  0
2510  946.427  0
2511  946.577  0
2512  946.727  0
2513  946.877  0
2514  947.026  0
2515  947.176  0
2516  947.326  0
2517  947.476  0
2518  947.625  0
2519  947.775  0
2520  947.925  0
2521  948.075  0
2522  948.224  0
2523  948.374  0
2524  948.524  0
2525  948.674  0
2526  948.823  0
2527  948.973  0
2528  949.123  0
2529  949.272  0
2530  949.422  0
2531  949.571  0
2532  949.721  0
2533  949.871  0
2534  950.02  0
2535  950.17  0
2536  950.319  0
2537  950.469  0
2538  950.619  0
2539  950.768  0
2540  950.918  0
2541  951.067  0
2542  951.217  0
2543  951.366  0
2544  951.516  0
2545  951.665  0
2546  951.815  0
2547  951.964  0
2548  952.114  0
2549  952.263  0
2550  952.413  0
2551  952.562  0
2552  952.711  0
2553  952.861  0
2554  953.01  0
2555  953.16  0
2556  953.309  0
2557  953.458  0
2558  953.608  0
2559  953.757  0
2560  953.906  0
2561  954.056  0
2562  954.205  0
2563  954.354  0
2564  954.504  0
2565  954.653  0
2566  954.802  0
2567  954.952  0
2568  955.101  0
2569  955.25  0
2570  955.399  0
2571  955.549  0
2572  955.698  0
2573  955.847  0
2574  955.996  0
2575  956.146  0
2576  956.295  0
2577  956.444  0
2578  956.593  0
2579  956.742  0
2580  956.891  0
2581  957.041  0
2582  957.19  0
2583  957.339  0
2584  957.488  0
2585  957.637  0
2586  957.786  0
2587  957.935  0
2588  958.084  0
2589  958.233  0
2590  958.382  0
2591  958.531  0
2592  958.68  0
2593  958.829  0
2594  958.978  0
2595  959.127  0
2596  959.276  0
2597  959.425  0
2598  959.574  0
2599  959.723  0
2600  959.872  0
2601  960.021  0
2602  960.17  0
2603  960.319  0
2604  960.468  0
2605  960.617  0
2606  960.766  0
2607  960.915  0
2608  961.063  0
2609  961.212  0
2610  961.361  0
2611  961.51  0
2612  961.659  0
2613  961.808  0
2614  961.956  0
2615  962.105  0
2616  962.254  0
2617  962.403  0
2618  962.552  0
2619  962.7  0
2620  962.849  0
2621  962.998  0
2622  963.146  0
2623  963.295  0
2624  963.444  0
2625  963.593  0
2626  963.741  0
2627  963.89  0
2628  964.039  0
2629  964.187  0
2630  964.336  0
2631  964.485  0
2632  964.633  0
2633  964.782  0
2634  964.93  0
2635  965.079  0
2636  965.228  0
2637  965.376  0
2638  965.525  0
2639  965.673  0
2640  965.822  0
2641  965.97  0
2642  966.119  0
2643  966.268  0
2644  966.416  0
2645  966.564  0
2646  966.713  0
2647  966.861  0
2648  967.01  0
2649  967.158  0
2650  967.307  0
2651  967.455  0
2652  967.604  0
2653  967.752  0
2654  967.9  0
2655  968.049  0
2656  968.197  0
2657  968.346  0
2658  968.494  0
2659  968.642  0
2660  968.791  0
2661  968.939  0
2662  969.087  0
2663  969.236  0
2664  969.384  0
2665  969.532  0
2666  969.681  0
2667  969.829  0
2668  969.977  0
2669  970.125  0
2670  970.274  0
2671  970.422  0
2672  970.57  0
2673  970.718  0
2674  970.866  0
2675  971.015  0
2676  971.163  0
2677  971.311  0
2678  971.459  0
2679  971.607  0
2680  971.755  0
2681  971.904  0
2682  972.052  0
2683  972.2  0
2684  972.348  0
2685  972.496  0
2686  972.644  0
2687  972.792  0
2688  972.94  0
2689  973.088  0
2690  973.236  0
2691  973.384  0
2692  973.532  0
2693  973.68  0
2694  973.828  0
2695  973.976  0
2696  974.124  0
2697  974.272  0
2698  974.42  0
2699  974.568  0
2700  974.716  0
2701  974.864  0
2702  975.012  0
2703  975.16  0
2704  975.308  0
2705  975.456  0
2706  975.604  0
2707  975.751  0
2708  975.899  0
2709  976.047  0
2710  976.195  0
2711  976.343  0
2712  976.491  0
2713  976.638  0
2714  976.786  0
2715  976.934  0
2716  977.082  0
2717  977.229  0
2718  977.377  0
2719  977.525  0
2720  977.673  0
2721  977.82  0
2722  977.968  0
2723  978.116  0
2724  978.263  0
2725  978.411  0
2726  978.559  0
2727  978.707  0
2728  978.854  0
2729  979.002  0
2730  979.149  0
2731  979.297  0
2732  979.445  0
2733  979.592  0
2734  979.74  0
2735  979.887  0
2736  980.035  0
2737  980.183  0
2738  980.33  0
2739  980.478  0
2740  980.625  0
2741  980.773  0
2742  980.92  0
2743  981.068  0
2744  981.215  0
2745  981.363  0
2746  981.51  0
2747  981.658  0
2748  981.805  0
2749  981.952  0
2750  982.1  0
2751  982.247  0
2752  982.395  0
2753  982.542  0
2754  982.689  0
2755  982.837  0
2756  982.984  0
2757  983.132  0
2758  983.279  0
2759  983.426  0
2760  983.574  0
2761  983.721  0
2762  983.868  0
2763  984.015  0
2764  984.163  0
2765  984.31  0
2766  984.457  0
2767  984.604  0
2768  984.752  0
2769  984.899  0
2770  985.046  0
2771  985.193  0
2772  985.341  0
2773  985.488  0
2774  985.635  0
2775  985.782  0
2776  985.929  0
2777  986.076  0
2778  986.224  0
2779  986.371  0
2780  986.518  0
2781  986.665  0
2782  986.812  0
2783  986.959  0
2784  987.106  0
2785  987.253  0
2786  987.4  0
2787  987.547  0
2788  987.694  0
2789  987.841  0
2790  987.988  0
2791  988.135  0
2792  988.282  0
2793  988.429  0
2794  988.576  0
2795  988.723  0
2796  988.87  0
2797  989.017  0
2798  989.164  0
2799  989.311  0
2800  989.458  0
2801  989.605  0
2802  989.752  0
2803  989.898  0
2804  990.045  0
2805  990.192  0
2806  990.339  0
2807  990.486  0
2808  990.633  0
2809  990.78  0
2810  990.926  0
2811  991.073  0
2812  991.22  0
2813  991.367  0
2814  991.513  0
2815  991.66  0
2816  991.807  0
2817  991.954  0
2818  992.1  0
2819  992.247  0
2820  992.394  0
2821  992.541  0
2822  992.687  0
2823  992.834  0
2824  992.98  0
2825  993.127  0
2826  993.274  0
2827  993.42  0
2828  993.567  0
2829  993.714  0
2830  993.86  0
2831  994.007  0
2832  994.153  0
2833  994.3  0
2834  994.446  0
2835  994.593  0
2836  994.74  0
2837  994.886  0
2838  995.033  0
2839  995.179  0
2840  995.326  0
2841  995.472  0
2842  995.619  0
2843  995.765  0
2844  995.911  0
2845  996.058  0
2846  996.204  0
2847  996.351  0
2848  996.497  0
2849  996.643  0
2850  996.79  0
2851  996.936  0
2852  997.083  0
2853  997.229  0
2854  997.375  0
2855  997.522  0
2856  997.668  0
2857  997.814  0
2858  997.961  0
2859  998.107  0
2860  998.253  0
2861  998.399  0
2862  998.546  0
2863  998.692  0
2864  998.838  0
2865  998.984  0
2866  999.131  0
2867  999.277  0
2868  999.423  0
2869  999.569  0
2870  999.715  0
2871  999.861  0
2872  1000.01  0
2873  1000.15  0
2874  1000.3  0
2875  1000.45  0
2876  1000.59  0
2877  1000.74  0
2878  1000.88  0
2879  1001.03  0
2880  1001.18  0
2881  1001.32  0
2882  1001.47  0
2883  1001.61  0
2884  1001.76  0
2885  1001.91  0
2886  1002.05  0
2887  1002.2  0
2888  1002.34  0
2889  1002.49  0
2890  1002.64  0
2891  1002.78  0
2892  1002.93  0
2893  1003.07  0
2894  1003.22  0
2895  1003.37  0
2896  1003.51  0
2897  1003.66  0
2898  1003.8  0
2899  1003.95  0
2900  1004.1  0
2901  1004.24  0
2902  1004.39  0
2903  1004.53  0
2904  1004.68  0
2905  1004.82  0
2906  1004.97  0
2907  1005.12  0
2908  1005.26  0
2909  1005.41  0
2910  1005.55  0
2911  1005.7  0
2912  1005.84  0
2913  1005.99  0
2914  1006.14  0
2915  1006.28  0
2916  1006.43  0
2917  1006.57  0
2918  1006.72  0
2919  1006.86  0
2920  1007.01  0
2921  1007.16  0
2922  1007.3  0
2923  1007.45  0
2924  1007.59  0
2925  1007.74  0
2926  1007.88  0
2927  1008.03  0
2928  1008.18  0
2929  1008.32  0
2930  1008.47  0
2931  1008.61  0
2932  1008.76  0
2933  1008.9  0
2934  1009.05  0
2935  1009.19  0
2936  1009.34  0
2937  1009.48  0
2938  1009.63  0
2939  1009.78  0
2940  1009.92  0
2941  1010.07  0
2942  1010.21  0
2943  1010.36  0
2944  1010.5  0
2945  1010.65  0
2946  1010.79  0
2947  1010.94  0
2948  1011.08  0
2949  1011.23  0
2950  1011.37  0
2951  1011.52  0
2952  1011.67  0
2953  1011.81  0
2954  1011.96  0
2955  1012.1  0
2956  1012.25  0
2957  1012.39  0
2958  1012.54  0
2959  1012.68  0
2960  1012.83  0
2961  1012.97  0
2962  1013.12  0
2963  1013.26  0
2964  1013.41  0
2965  1013.55  0
2966  1013.7  0
2967  1013.84  0
2968  1013.99  0
2969  1014.13  0
2970  1014.28  0
2971  1014.42  0
2972  1014.57  0
2973  1014.71  0
2974  1014.86  0
2975  1015  0
2976  1015.15  0
2977  1015.29  0
2978  1015.44  0
2979  1015.58  0
2980  1015.73  0
2981  1015.87  0
2982  1016.02  0
2983  1016.16  0
2984  1016.31  0
2985  1016.45  0
2986  1016.6  0
2987  1016.74  0
2988  1016.89  0
2989  1017.03  0
2990  1017.18  0
2991  1017.32  0
2992  1017.47  0
2993  1017.61  0
2994  1017.76  0
2995  1017.9  0
2996  1018.05  0
2997  1018.19  0
2998  1018.34  0
2999  1018.48  0
3000  1018.63  0
3001  1018.77  0
3002  1018.92  0
3003  1019.06  0
3004  1019.21  0
3005  1019.35  0
3006  1019.5  0
3007  1019.64  0
3008  1019.78  0
3009  1019.93  0
3010  1020.07  0
3011  1020.22  0
3012  1020.36  0
3013  1020.51  0
3014  1020.65  0
3015  1020.8  0
3016  1020.94  0
3017  1021.09  0
3018  1021.23  0
3019  1021.38  0
3020  1021.52  0
3021  1021.66  0
3022  1021.81  0
3023  1021.95  0
3024  1022.1  0
3025  1022.24  0
3026  1022.39  0
3027  1022.53  0
3028  1022.68  0
3029  1022.82  0
3030  1022.97  0
3031  1023.11  0
3032  1023.25  0
3033  1023.4  0
3034  1023.54  0
3035  1023.69  0
3036  1023.83  0
3037  1023.98  0
3038  1024.12  0
3039  1024.27  0
3040  1024.41  0
3041  1024.55  0
3042  1024.7  0
3043  1024.84  0
3044  1024.99  0
3045  1025.13  0
3046  1025.28  0
3047  1025.42  0
3048  1025.56  0
3049  1025.71  0
3050  1025.85  0
3051  1026  0
3052  1026.14  0
3053  1026.28  0
3054  1026.43  0
3055  1026.57  0
3056  1026.72  0
3057  1026.86  0
3058  1027.01  0
3059  1027.15  0
3060  1027.29  0
3061  1027.44  0
3062  1027.58  0
3063  1027.73  0
3064  1027.87  0
3065  1028.01  0
3066  1028.16  0
3067  1028.3  0
3068  1028.45  0
3069  1028.59  0
3070  1028.73  0
3071  1028.88  0
3072  1029.02  0
3073  1029.17  0
3074  1029.31  0
3075  1029.45  0
3076  1029.6  0
3077  1029.74  0
3078  1029.89  0
3079  1030.03  0
3080  1030.17  0
3081  1030.32  0
3082  1030.46  0
3083  1030.61  0
3084  1030.75  0
3085  1030.89  0
3086  1031.04  0
3087  1031.18  0
3088  1031.33  0
3089  1031.47  0
3090  1031.61  0
3091  1031.76  0
3092  1031.9  0
3093  1032.04  0
3094  1032.19  0
3095  1032.33  0
3096  1032.48  0
3097  1032.62  0
3098  1032.76  0
3099  1032.91  0
3100  1033.05  0
3101  1033.19  0
3102  1033.34  0
3103  1033.48  0
3104  1033.62  0
3105  1033.77  0
3106  1033.91  0
3107  1034.06  0
3108  1034.2  0
3109  1034.34  0
3110  1034.49  0
3111  1034.63  0
3112  1034.77  0
3113  1034.92  0
3114  1035.06  0
3115  1035.2  0
3116  1035.35  0
3117  1035.49  0
3118  1035.63  0
3119  1035.78  0
3120  1035.92  0
3121  1036.07  0
3122  1036.21  0
3123  1036.35  0
3124  1036.5  0
3125  1036.64  0
3126  1036.78  0
3127  1036.93  0
3128  1037.07  0
3129  1037.21  0
3130  1037.36  0
3131  1037.5  0
3132  1037.64  0
3133  1037.79  0
3134  1037.93  0
3135  1038.07  0
3136  1038.22  0
3137  1038.36  0
3138  1038.5  0
3139  1038.65  0
3140  1038.79  0
3141  1038.93  0
3142  1039.08  0
3143  1039.22  0
3144  1039.36  0
3145  1039.5  0
3146  1039.65  0
3147  1039.79  0
3148  1039.93  0
3149  1040.08  0
3150  1040.22  0
3151  1040.36  0
3152  1040.51  0
3153  1040.65  0
3154  1040.79  0
3155  1040.94  0
3156  1041.08  0
3157  1041.22  0
3158  1041.37  0
3159  1041.51  0
3160  1041.65  0
3161  1041.79  0
3162  1041.94  0
3163  1042.08  0
3164  1042.22  0
3165  1042.37  0
3166  1042.51  0
3167  1042.65  0
3168  1042.8  0
3169  1042.94  0
3170  1043.08  0
3171  1043.22  0
3172  1043.37  0
3173  1043.51  0
3174  1043.65  0
3175  1043.8  0
3176  1043.94  0
3177  1044.08  0
3178  1044.22  0
3179  1044.37  0
3180  1044.51  0
3181  1044.65  0
3182  1044.79  0
3183  1044.94  0
3184  1045.08  0
3185  1045.22  0
3186  1045.37  0
3187  1045.51  0
3188  1045.65  0
3189  1045.79  0
3190  1045.94  0
3191  1046.08  0
3192  1046.22  0
3193  1046.36  0
3194  1046.51  0
3195  1046.65  0
3196  1046.79  0
3197  1046.94  0
3198  1047.08  0
3199  1047.22  0
3200  1047.36  0
3201  1047.51  0
3202  1047.65  0
3203  1047.79  0
3204  1047.93  0
3205  1048.08  0
3206  1048.22  0
3207  1048.36  0
3208  1048.5  0
3209  1048.65  0
3210  1048.79  0
3211  1048.93  0
3212  1049.07  0
3213  1049.22  0
3214  1049.36  0
3215  1049.5  0
3216  1049.64  0
3217  1049.79  0
3218  1049.93  0
3219  1050.07  0
3220  1050.21  0
3221  1050.35  0
3222  1050.5  0
3223  1050.64  0
3224  1050.78  0
3225  1050.92  0
3226  1051.07  0
3227  1051.21  0
3228  1051.35  0
3229  1051.49  0
3230  1051.64  0
3231  1051.78  0
3232  1051.92  0
3233  1052.06  0
3234  1052.2  0
3235  1052.35  0
3236  1052.49  0
3237  1052.63  0
3238  1052.77  0
3239  1052.91  0
3240  1053.06  0
3241  1053.2  0
3242  1053.34  0
3243  1053.48  0
3244  1053.63  0
3245  1053.77  0
3246  1053.91  0
3247  1054.05  0
3248  1054.19  0
3249  1054.34  0
3250  1054.48  0
3251  1054.62  0
3252  1054.76  0
3253  1054.9  0
3254  1055.05  0
3255  1055.19  0
3256  1055.33  0
3257  1055.47  0
3258  1055.61  0
3259  1055.76  0
3260  1055.9  0
3261  1056.04  0
3262  1056.18  0
3263  1056.32  0
3264  1056.46  0
3265  1056.61  0
3266  1056.75  0
3267  1056.89  0
3268  1057.03  0
3269  1057.17  0
3270  1057.32  0
3271  1057.46  0
3272  1057.6  0
3273  1057.74  0
3274  1057.88  0
3275  1058.02  0
3276  1058.17  0
3277  1058.31  0
3278  1058.45  0
3279  1058.59  0
3280  1058.73  0
3281  1058.87  0
3282  1059.02  0
3283  1059.16  0
3284  1059.3  0
3285  1059.44  0
3286  1059.58  0
3287  1059.72  0
3288  1059.87  0
3289  1060.01  0
3290  1060.15  0
3291  1060.29  0
3292  1060.43  0
3293  1060.57  0
3294  1060.71  0
3295  1060.86  0
3296  1061  0
3297  1061.14  0
3298  1061.28  0
3299  1061.42  0
3300  1061.56  0
3301  1061.7  0
3302  1061.85  0
3303  1061.99  0
3304  1062.13  0
3305  1062.27  0
3306  1062.41  0
3307  1062.55  0
3308  1062.69  0
3309  1062.84  0
3310  1062.98  0
3311  1063.12  0
3312  1063.26  0
3313  1063.4  0
3314  1063.54  0
3315  1063.68  0
3316  1063.83  0
3317  1063.97  0
3318  1064.11  0
3319  1064.25  0
3320  1064.39  0
3321  1064.53  0
3322  1064.67  0
3323  1064.81  0
3324  1064.95  0
3325  1065.1  0
3326  1065.24  0
3327  1065.38  0
3328  1065.52  0
3329  1065.66  0
3330  1065.8  0
3331  1065.94  0
3332  1066.08  0
3333  1066.22  0
3334  1066.37  0
3335  1066.51  0
3336  1066.65  0
3337  1066.79  0
3338  1066.93  0
3339  1067.07  0
3340  1067.21  0
3341  1067.35  0
3342  1067.49  0
3343  1067.63  0
3344  1067.78  0
3345  1067.92  0
3346  1068.06  0
3347  1068.2  0
3348  1068.34  0
3349  1068.48  0
3350  1068.62  0
3351  1068.76  0
3352  1068.9  0
3353  1069.04  0
3354  1069.18  0
3355  1069.33  0
3356  1069.47  0
3357  1069.61  0
3358  1069.75  0
3359  1069.89  0
3360  1070.03  0
3361  1070.17  0
3362  1070.31  0
3363  1070.45  0
3364  1070.59  0
3365  1070.73  0
3366  1070.87  0
3367  1071.01  0
3368  1071.15  0
3369  1071.3  0
3370  1071.44  0
3371  1071.58  0
3372  1071.72  0
3373  1071.86  0
3374  1072  0
3375  1072.14  0
3376  1072.28  0
3377  1072.42  0
3378  1072.56  0
3379  1072.7  0
3380  1072.84  0
3381  1072.98  0
3382  1073.12  0
3383  1073.26  0
3384  1073.4  0
3385  1073.54  0
3386  1073.68  0
3387  1073.83  0
3388  1073.97  0
3389  1074.11  0
3390  1074.25  0
3391  1074.39  0
3392  1074.53  0
3393  1074.67  0
3394  1074.81  0
3395  1074.95  0
3396  1075.09  0
3397  1075.23  0
3398  1075.37  0
3399  1075.51  0
3400  1075.65  0
3401  1075.79  0
3402  1075.93  0
3403  1076.07  0
3404  1076.21  0
3405  1076.35  0
3406  1076.49  0
3407  1076.63  0
3408  1076.77  0
3409  1076.91  0
3410  1077.05  0
3411  1077.19  0
3412  1077.33  0
3413  1077.47  0
3414  1077.61  0
3415  1077.75  0
3416  1077.89  0
3417  1078.03  0
3418  1078.17  0
3419  1078.31  0
3420  1078.45  0
3421  1078.59  0
3422  1078.73  0
3423  1078.87  0
3424  1079.01  0
3425  1079.15  0
3426  1079.29  0
3427  1079.43  0
3428  1079.57  0
3429  1079.71  0
3430  1079.85  0
3431  1079.99  0
3432  1080.13  0
3433  1080.27  0
3434  1080.41  0
3435  1080.55  0
3436  1080.69  0
3437  1080.83  0
3438  1080.97  0
3439  1081.11  0
3440  1081.25  0
3441  1081.39  0
3442  1081.53  0
3443  1081.67  0
3444  1081.81  0
3445  1081.95  0
3446  1082.09  0
3447  1082.23  0
3448  1082.37  0
3449  1082.51  0
3450  1082.65  0
3451  1082.79  0
3452  1082.93  0
3453  1083.07  0
3454  1083.21  0
3455  1083.35  0
3456  1083.49  0
3457  1083.63  0
3458  1083.77  0
3459  1083.91  0
3460  1084.05  0
3461  1084.19  0
3462  1084.32  0
3463  1084.46  0
3464  1084.6  0
3465  1084.74  0
3466  1084.88  0
3467  1085.02  0
3468  1085.16  0
3469  1085.3  0
3470  1085.44  0
3471  1085.58  0
3472  1085.72  0
3473  1085.86  0
3474  1086  0
3475  1086.14  0
3476  1086.28  0
3477  1086.42  0
3478  1086.56  0
3479  1086.7  0
3480  1086.83  0
3481  1086.97  0
3482  1087.11  0
3483  1087.25  0
3484  1087.39  0
3485  1087.53  0
3486  1087.67  0
3487  1087.81  0
3488  1087.95  0
3489  1088.09  0
3490  1088.23  0
3491  1088.37  0
3492  1088.51  0
3493  1088.65  0
3494  1088.78  0
3495  1088.92  0
3496  1089.06  0
3497  1089.2  0
3498  1089.34  0
3499  1089.48  0
3500  1089.62  0
3501  1089.76  0
3502  1089.9  0
3503  1090.04  0
3504  1090.18  0
3505  1090.31  0
3506  1090.45  0
3507  1090.59  0
3508  1090.73  0
3509  1090.87  0
3510  1091.01  0
3511  1091.15  0
3512  1091.29  0
3513  1091.43  0
3514  1091.57  0
3515  1091.7  0
3516  1091.84  0
3517  1091.98  0
3518  1092.12  0
3519  1092.26  0
3520  1092.4  0
3521  1092.54  0
3522  1092.68  0
3523  1092.82  0
3524  1092.95  0
3525  1093.09  0
3526  1093.23  0
3527  1093.37  0
3528  1093.51  0
3529  1093.65  0
3530  1093.79  0
3531  1093.93  0
3532  1094.06  0
3533  1094.2  0
3534  1094.34  0
3535  1094.48  0
3536  1094.62  0
3537  1094.76  0
3538  1094.9  0
3539  1095.04  0
3540  1095.17  0
3541  1095.31  0
3542  1095.45  0
3543  1095.59  0
3544  1095.73  0
3545  1095.87  0
3546  1096.01  0
3547  1096.14  0
3548  1096.28  0
3549  1096.42  0
3550  1096.56  0
3551  1096.7  0
3552  1096.84  0
3553  1096.98  0
3554  1097.11  0
3555  1097.25  0
3556  1097.39  0
3557  1097.53  0
3558  1097.67  0
3559  1097.81  0
3560  1097.94  0
3561  1098.08  0
3562  1098.22  0
3563  1098.36  0
3564  1098.5  0
3565  1098.64  0
3566  1098.77  0
3567  1098.91  0
3568  1099.05  0
3569  1099.19  0
3570  1099.33  0
3571  1099.47  0
3572  1099.6  0
3573  1099.74  0
3574  1099.88  0
3575  1100.02  0
3576  1100.16  0
3577  1100.3  0
3578  1100.43  0
3579  1100.57  0
3580  1100.71  0
3581  1100.85  0
3582  1100.99  0
3583  1101.12  0
3584  1101.26  0
3585  1101.4  0
3586  1101.54  0
3587  1101.68  0
3588  1101.81  0
3589  1101.95  0
3590  1102.09  0
3591  1102.23  0
3592  1102.37  0
3593  1102.51  0
3594  1102.64  0
3595  1102.78  0
3596  1102.92  0
3597  1103.06  0
3598  1103.19  0
3599  1103.33  0
3600  1103.47  0
3601  1103.61  0
3602  1103.75  0
3603  1103.88  0
3604  1104.02  0
3605  1104.16  0
3606  1104.3  0
3607  1104.44  0
3608  1104.57  0
3609  1104.71  0
3610  1104.85  0
3611  1104.99  0
3612  1105.12  0
3613  1105.26  0
3614  1105.4  0
3615  1105.54  0
3616  1105.68  0
3617  1105.81  0
3618  1105.95  0
3619  1106.09  0
3620  1106.23  0
3621  1106.36  0
3622  1106.5  0
3623  1106.64  0
3624  1106.78  0
3625  1106.91  0
3626  1107.05  0
3627  1107.19  0
3628  1107.33  0
3629  1107.47  0
3630  1107.6  0
3631  1107.74  0
3632  1107.88  0
3633  1108.02  0
3634  1108.15  0
3635  1108.29  0
3636  1108.43  0
3637  1108.57  0
3638  1108.7  0
3639  1108.84  0
3640  1108.98  0
3641  1109.11  0
3642  1109.25  0
3643  1109.39  0
3644  1109.53  0
3645  1109.66  0
3646  1109.8  0
3647  1109.94  0
