0  544.792  0
1  544.96  3.75226e-41
2  545.128  5.87483e+32
3  545.296  5.87483e+32
4  545.464  2.48645e-38
5  545.632  2.48645e-38
6  545.8  2.48649e-38
7  545.968  2.48641e-38
8  546.136  6.72623e-44
9  546.304  3.36312e-44
10  546.472  2.48643e-38
11  546.64  0
12  546.808  1.5078e-42
13  546.976  3.08286e-44
14  547.144  2.48896e-38
15  547.312  3.48783e-42
16  547.48  2.48717e-38
17  547.648  5.87447e+32
18  547.816  0
19  547.984  0
20  548.152  3.36312e-44
21  548.32  3.36312e-44
22  548.488  2.48646e-38
23  548.656  2.43412e+20
24  548.824  1.68245e+08
25  548.992  1.16308e-43
26  549.16  2.5668e-18
27  549.328  3.42057e-42
28  549.495  2.48717e-38
29  549.663  5.87447e+32
30  549.831  0
31  549.999  0
32  550.167  3.36312e-44
33  550.335  3.36312e-44
34  550.503  2.48646e-38
35  550.671  4.84185e+30
36  550.839  7.21308e+22
37  551.006  6.13172e+28
38  551.174  6.18487e-33
39  551.342  3.35331e-42
40  551.51  2.48717e-38
41  551.678  5.87447e+32
42  551.846  0
43  552.014  0
44  552.182  2.4865e-38
45  552.349  1.4013e-45
46  552.517  4.48416e-44
47  552.685  2.24208e-44
48  552.853  2.48645e-38
49  553.021  1.4013e-45
50  553.188  2.48646e-38
51  553.356  2.38221e-44
52  553.524  2.48654e-38
53  553.692  5.87447e+32
54  553.86  8.96831e-44
55  554.027  3.36312e-44
56  554.195  2.48648e-38
57  554.363  0
58  554.531  1.5078e-42
59  554.698  3.08286e-44
60  554.866  2.48897e-38
61  555.034  3.22999e-42
62  555.202  2.48717e-38
63  555.37  5.87447e+32
64  555.537  0
65  555.705  0
66  555.873  2.48655e-38
67  556.04  1.78599e+31
68  556.208  4.48416e-44
69  556.376  3.36312e-44
70  556.544  2.48651e-38
71  556.711  0
72  556.879  1.4013e-45
73  557.047  3.08286e-44
74  557.214  2.48898e-38
75  557.382  3.15152e-42
76  557.55  2.48717e-38
77  557.717  5.87447e+32
78  557.885  0
79  558.053  0
80  558.22  3.36312e-44
81  558.388  3.36312e-44
82  558.556  2.48652e-38
83  558.723  4.84185e+30
84  558.891  7.21308e+22
85  559.059  6.13172e+28
86  559.226  9.93871e+27
87  559.394  3.08426e-42
88  559.562  2.48717e-38
89  559.729  5.87447e+32
90  559.897  0
91  560.065  0
92  560.232  2.4865e-38
93  560.4  1.4013e-45
94  560.567  2.48651e-38
95  560.735  2.38221e-44
96  560.902  2.48659e-38
97  561.07  2.48652e-38
98  561.238  6.72623e-44
99  561.405  3.36312e-44
100  561.573  2.48653e-38
101  561.74  0
102  561.908  1.5078e-42
103  562.076  3.08286e-44
104  562.243  2.48898e-38
105  562.411  2.98336e-42
106  562.578  2.48717e-38
107  562.746  5.87447e+32
108  562.913  0
109  563.081  0
110  563.248  2.4866e-38
111  563.416  7.55459e+31
112  563.583  4.48416e-44
113  563.751  3.36312e-44
114  563.918  2.48656e-38
115  564.086  0
116  564.253  1.4013e-45
117  564.421  3.08286e-44
118  564.588  2.48899e-38
119  564.756  2.90489e-42
120  564.923  2.48717e-38
121  565.091  5.87447e+32
122  565.258  0
123  565.426  0
124  565.593  3.36312e-44
125  565.76  3.36312e-44
126  565.928  2.48657e-38
127  566.095  4.84185e+30
128  566.263  7.21308e+22
129  566.43  6.13172e+28
130  566.598  4.0709e+31
131  566.765  2.83763e-42
132  566.932  2.48717e-38
133  567.1  5.87447e+32
134  567.267  0
135  567.435  0
136  567.602  2.48655e-38
137  567.769  1.4013e-45
138  567.937  2.48656e-38
139  568.104  2.38221e-44
140  568.271  2.48664e-38
141  568.439  2.48656e-38
142  568.606  6.72623e-44
143  568.774  3.36312e-44
144  568.941  2.48658e-38
145  569.108  0
146  569.276  1.5078e-42
147  569.443  3.08286e-44
148  569.61  2.489e-38
149  569.778  2.73674e-42
150  569.945  2.48717e-38
151  570.112  5.87447e+32
152  570.28  0
153  570.447  0
154  570.614  2.48665e-38
155  570.781  1.62796e+32
156  570.949  4.48416e-44
157  571.116  3.36312e-44
158  571.283  2.48661e-38
159  571.451  0
160  571.618  1.4013e-45
161  571.785  3.08286e-44
162  571.952  2.489e-38
163  572.12  2.65826e-42
164  572.287  2.48717e-38
165  572.454  5.87447e+32
166  572.621  0
167  572.789  0
168  572.956  3.36312e-44
169  573.123  3.36312e-44
170  573.29  2.48662e-38
171  573.458  4.84185e+30
172  573.625  7.21308e+22
173  573.792  6.13172e+28
174  573.959  0.031361
175  574.126  2.591e-42
176  574.294  2.48717e-38
177  574.461  5.87447e+32
178  574.628  0
179  574.795  0
180  574.962  2.4866e-38
181  575.129  1.4013e-45
182  575.297  2.48661e-38
183  575.464  2.38221e-44
184  575.631  2.48669e-38
185  575.798  2.48661e-38
186  575.965  6.72623e-44
187  576.132  3.36312e-44
188  576.299  2.48663e-38
189  576.466  0
190  576.634  1.5078e-42
191  576.801  3.08286e-44
192  576.968  2.48901e-38
193  577.135  2.49011e-42
194  577.302  2.48717e-38
195  577.469  5.87447e+32
196  577.636  0
197  577.803  0
198  577.97  2.4867e-38
199  578.138  6.72685e+08
200  578.305  4.48416e-44
201  578.472  3.36312e-44
202  578.639  2.48666e-38
203  578.806  0
204  578.973  1.4013e-45
205  579.14  3.08286e-44
206  579.307  2.48902e-38
207  579.474  2.41163e-42
208  579.641  2.48717e-38
209  579.808  5.87447e+32
210  579.975  0
211  580.142  0
212  580.309  3.36312e-44
213  580.476  3.36312e-44
214  580.643  2.48667e-38
215  580.81  4.84185e+30
216  580.977  7.21308e+22
217  581.144  6.13172e+28
218  581.311  1.54622e-33
219  581.478  2.34437e-42
220  581.645  2.48717e-38
221  581.812  5.87447e+32
222  581.979  0
223  582.146  0
224  582.313  2.48665e-38
225  582.48  1.4013e-45
226  582.647  2.48666e-38
227  582.814  2.38221e-44
228  582.98  2.48674e-38
229  583.147  2.48666e-38
230  583.314  6.72623e-44
231  583.481  3.36312e-44
232  583.648  2.48668e-38
233  583.815  0
234  583.982  1.5078e-42
235  584.149  3.08286e-44
236  584.316  2.48902e-38
237  584.483  2.24348e-42
238  584.649  2.48717e-38
239  584.816  5.87447e+32
240  584.983  0
241  585.15  0
242  585.317  2.48675e-38
243  585.484  1.43197e+10
244  585.651  4.48416e-44
245  585.817  3.36312e-44
246  585.984  2.48671e-38
247  586.151  0
248  586.318  1.4013e-45
249  586.485  3.08286e-44
250  586.651  2.48903e-38
251  586.818  2.16501e-42
252  586.985  2.48717e-38
253  587.152  5.87447e+32
254  587.319  0
255  587.485  0
256  587.652  3.36312e-44
257  587.819  3.36312e-44
258  587.986  2.48672e-38
259  588.153  4.84185e+30
260  588.319  7.21308e+22
261  588.486  6.13172e+28
262  588.653  6.06611e+23
263  588.82  2.09774e-42
264  588.986  2.48717e-38
265  589.153  5.87447e+32
266  589.32  0
267  589.487  0
268  589.653  2.4867e-38
269  589.82  1.4013e-45
270  589.987  2.48671e-38
271  590.153  2.38221e-44
272  590.32  2.48679e-38
273  590.487  2.48671e-38
274  590.653  6.72623e-44
275  590.82  3.36312e-44
276  590.987  2.48673e-38
277  591.153  0
278  591.32  1.5078e-42
279  591.487  3.08286e-44
280  591.653  2.48904e-38
281  591.82  1.99685e-42
282  591.987  2.48717e-38
283  592.153  5.87447e+32
284  592.32  0
285  592.487  0
286  592.653  2.4868e-38
287  592.82  1.05056e-38
288  592.987  4.48416e-44
289  593.153  3.36312e-44
290  593.32  2.48676e-38
291  593.486  0
292  593.653  1.4013e-45
293  593.819  3.08286e-44
294  593.986  2.48904e-38
295  594.153  1.91838e-42
296  594.319  2.48717e-38
297  594.486  5.87447e+32
298  594.652  0
299  594.819  0
300  594.985  3.36312e-44
301  595.152  3.36312e-44
302  595.318  2.48677e-38
303  595.485  4.84185e+30
304  595.652  7.21308e+22
305  595.818  6.13172e+28
306  595.985  1.74089e-18
307  596.151  1.85112e-42
308  596.318  2.48717e-38
309  596.484  5.87447e+32
310  596.651  0
311  596.817  0
312  596.984  2.48675e-38
313  597.15  1.4013e-45
314  597.317  2.48676e-38
315  597.483  2.38221e-44
316  597.649  2.48684e-38
317  597.816  2.48676e-38
318  597.982  6.72623e-44
319  598.149  3.36312e-44
320  598.315  2.48678e-38
321  598.482  0
322  598.648  1.5078e-42
323  598.815  3.08286e-44
324  598.981  2.48905e-38
325  599.147  1.75022e-42
326  599.314  2.48717e-38
327  599.48  5.87447e+32
328  599.647  0
329  599.813  0
330  599.979  3.36312e-44
331  600.146  3.36312e-44
332  600.312  2.4868e-38
333  600.479  2.05318e-19
334  600.645  1.07501e+10
335  600.811  4.2965e+24
336  600.978  7.00619e+22
337  601.144  1.68296e-42
338  601.31  2.48717e-38
339  601.477  5.87447e+32
340  601.643  0
341  601.809  0
342  601.976  3.36312e-44
343  602.142  3.36312e-44
344  602.308  2.48681e-38
345  602.475  4.84185e+30
346  602.641  7.21308e+22
347  602.807  6.13172e+28
348  602.974  1.62836e+32
349  603.14  1.6157e-42
350  603.306  2.48717e-38
351  603.472  5.87447e+32
352  603.639  0
353  603.805  0
354  603.971  2.48685e-38
355  604.137  1.4013e-45
356  604.304  4.48416e-44
357  604.47  2.24208e-44
358  604.636  2.4868e-38
359  604.802  1.4013e-45
360  604.969  2.48681e-38
361  605.135  2.38221e-44
362  605.301  2.48689e-38
363  605.467  5.87447e+32
364  605.633  8.96831e-44
365  605.8  3.36312e-44
366  605.966  2.48682e-38
367  606.132  0
368  606.298  1.5078e-42
369  606.464  3.08286e-44
370  606.631  2.48906e-38
371  606.797  1.49238e-42
372  606.963  2.48717e-38
373  607.129  5.87447e+32
374  607.295  0
375  607.461  0
376  607.628  2.4869e-38
377  607.794  2.05318e-19
378  607.96  4.48416e-44
379  608.126  3.36312e-44
380  608.292  2.48686e-38
381  608.458  0
382  608.624  1.4013e-45
383  608.79  3.08286e-44
384  608.956  2.48907e-38
385  609.122  1.41391e-42
386  609.289  2.48717e-38
387  609.455  5.87447e+32
388  609.621  0
389  609.787  0
390  609.953  3.36312e-44
391  610.119  3.36312e-44
392  610.285  2.48687e-38
393  610.451  4.84185e+30
394  610.617  7.21308e+22
395  610.783  6.13172e+28
396  610.949  1.54622e-33
397  611.115  1.34665e-42
398  611.281  2.48717e-38
399  611.447  5.87447e+32
400  611.613  0
401  611.779  0
402  611.945  2.48685e-38
403  612.111  1.4013e-45
404  612.277  2.48686e-38
405  612.443  2.38221e-44
406  612.609  2.48694e-38
407  612.775  2.48686e-38
408  612.941  6.72623e-44
409  613.107  3.36312e-44
410  613.273  2.48688e-38
411  613.439  0
412  613.605  1.5078e-42
413  613.771  3.08286e-44
414  613.937  2.48908e-38
415  614.103  1.24575e-42
416  614.269  2.48717e-38
417  614.435  5.87447e+32
418  614.6  0
419  614.766  0
420  614.932  2.48695e-38
421  615.098  9.31499e-39
422  615.264  4.48416e-44
423  615.43  3.36312e-44
424  615.596  2.48691e-38
425  615.762  0
426  615.927  1.4013e-45
427  616.093  3.08286e-44
428  616.259  2.48908e-38
429  616.425  1.16728e-42
430  616.591  2.48717e-38
431  616.757  5.87447e+32
432  616.923  0
433  617.088  0
434  617.254  3.36312e-44
435  617.42  3.36312e-44
436  617.586  2.48692e-38
437  617.752  4.84185e+30
438  617.917  7.21308e+22
439  618.083  6.13172e+28
440  618.249  1.54622e-33
441  618.415  1.10002e-42
442  618.581  2.48717e-38
443  618.746  5.87447e+32
444  618.912  0
445  619.078  0
446  619.244  2.4869e-38
447  619.409  1.4013e-45
448  619.575  2.48691e-38
449  619.741  2.38221e-44
450  619.907  2.48699e-38
451  620.072  2.48691e-38
452  620.238  6.72623e-44
453  620.404  3.36312e-44
454  620.569  2.48693e-38
455  620.735  0
456  620.901  1.5078e-42
457  621.067  3.08286e-44
458  621.232  2.48909e-38
459  621.398  9.99126e-43
460  621.564  2.48717e-38
461  621.729  5.87447e+32
462  621.895  0
463  622.061  0
464  622.226  2.487e-38
465  622.392  52.7943
466  622.558  4.48416e-44
467  622.723  3.36312e-44
468  622.889  2.48696e-38
469  623.054  0
470  623.22  1.4013e-45
471  623.386  3.08286e-44
472  623.551  2.4891e-38
473  623.717  9.20653e-43
474  623.882  2.48717e-38
475  624.048  5.87447e+32
476  624.214  0
477  624.379  0
478  624.545  3.36312e-44
479  624.71  3.36312e-44
480  624.876  2.48697e-38
481  625.041  4.84185e+30
482  625.207  7.21308e+22
483  625.373  6.13172e+28
484  625.538  4.0709e+31
485  625.704  8.53391e-43
486  625.869  2.48717e-38
487  626.035  5.87447e+32
488  626.2  0
489  626.366  0
490  626.531  2.48695e-38
491  626.697  1.4013e-45
492  626.862  2.48696e-38
493  627.028  2.38221e-44
494  627.193  2.48704e-38
495  627.359  2.48696e-38
496  627.524  6.72623e-44
497  627.69  3.36312e-44
498  627.855  2.48698e-38
499  628.021  0
500  628.186  1.5078e-42
501  628.351  3.08286e-44
502  628.517  2.48911e-38
503  628.682  7.52497e-43
504  628.848  2.48717e-38
505  629.013  5.87447e+32
506  629.179  0
507  629.344  0
508  629.509  3.36312e-44
509  629.675  3.36312e-44
510  629.84  2.487e-38
511  630.006  3.03301e+32
512  630.171  4.54397e+30
513  630.336  0
514  630.502  1.09003e+27
515  630.667  6.85235e-43
516  630.832  2.48717e-38
517  630.998  5.87447e+32
518  631.163  2.48911e-38
519  631.328  0
520  631.494  3.36312e-44
521  631.659  3.36312e-44
522  631.824  2.48701e-38
523  631.99  4.84185e+30
524  632.155  7.21308e+22
525  632.32  6.13172e+28
526  632.486  9.93871e+27
527  632.651  6.17973e-43
528  632.816  2.48717e-38
529  632.982  5.87447e+32
530  633.147  2.24208e-44
531  633.312  2.24208e-44
532  633.477  2.48705e-38
533  633.643  1.4013e-45
534  633.808  4.48416e-44
535  633.973  2.24208e-44
536  634.138  2.487e-38
537  634.304  1.4013e-45
538  634.469  2.48701e-38
539  634.634  2.38221e-44
540  634.799  2.48709e-38
541  634.964  5.87447e+32
542  635.13  8.96831e-44
543  635.295  3.36312e-44
544  635.46  2.48702e-38
545  635.625  0
546  635.79  1.5078e-42
547  635.956  3.08286e-44
548  636.121  2.48912e-38
549  636.286  4.94658e-43
550  636.451  2.48717e-38
551  636.616  5.87447e+32
552  636.781  2.24208e-44
553  636.946  2.24208e-44
554  637.112  2.4871e-38
555  637.277  4.50317e+24
556  637.442  4.48416e-44
557  637.607  3.36312e-44
558  637.772  2.48706e-38
559  637.937  0
560  638.102  1.4013e-45
561  638.267  3.08286e-44
562  638.432  2.48912e-38
563  638.598  4.16186e-43
564  638.763  2.48717e-38
565  638.928  5.87447e+32
566  639.093  2.48913e-38
567  639.258  0
568  639.423  3.36312e-44
569  639.588  3.36312e-44
570  639.753  2.48707e-38
571  639.918  4.84185e+30
572  640.083  7.21308e+22
573  640.248  6.13172e+28
574  640.413  6.18487e-33
575  640.578  3.48923e-43
576  640.743  2.48717e-38
577  640.908  5.87447e+32
578  641.073  2.24208e-44
579  641.238  2.24208e-44
580  641.403  2.48705e-38
581  641.568  1.4013e-45
582  641.733  2.48706e-38
583  641.898  2.38221e-44
584  642.063  2.48714e-38
585  642.228  2.48706e-38
586  642.393  6.72623e-44
587  642.558  3.36312e-44
588  642.723  2.48708e-38
589  642.888  0
590  643.053  1.5078e-42
591  643.218  3.08286e-44
592  643.383  2.48913e-38
593  643.547  2.4803e-43
594  643.712  2.48717e-38
595  643.877  5.87447e+32
596  644.042  2.24208e-44
597  644.207  2.24208e-44
598  644.372  2.48715e-38
599  644.537  5.85658e+32
600  644.702  4.48416e-44
601  644.866  3.36312e-44
602  645.031  2.48711e-38
603  645.196  0
604  645.361  1.4013e-45
605  645.526  3.08286e-44
606  645.691  2.48914e-38
607  645.856  1.69557e-43
608  646.02  2.48717e-38
609  646.185  5.87447e+32
610  646.35  2.48914e-38
611  646.515  0
612  646.68  3.36312e-44
613  646.844  3.36312e-44
614  647.009  2.48712e-38
615  647.174  4.84185e+30
616  647.339  7.21308e+22
617  647.503  6.13172e+28
618  647.668  1.48098e+20
619  647.833  1.02295e-43
620  647.998  2.48717e-38
621  648.162  5.87447e+32
622  648.327  2.24208e-44
623  648.492  2.24208e-44
624  648.657  2.4871e-38
625  648.821  1.4013e-45
626  648.986  2.48711e-38
627  649.151  2.38221e-44
628  649.315  2.48719e-38
629  649.48  2.48711e-38
630  649.645  6.72623e-44
631  649.81  3.36312e-44
632  649.974  2.48713e-38
633  650.139  0
634  650.304  1.5078e-42
635  650.468  3.08286e-44
636  650.633  7.90332e-42
637  650.798  4.48416e-44
638  650.962  2.51193e-38
639  651.127  7.77816e+31
640  651.291  5.19744e+07
641  651.456  7.57821e+31
642  651.621  7.71795e+28
643  651.785  9.01641e+26
644  651.95  1.01437e-38
645  652.115  7.27694e-42
646  652.279  2.48553e-38
647  652.444  2.47421e-38
648  652.608  0
649  652.773  0
650  652.937  2.48915e-38
651  653.102  2.22106e-42
652  653.267  2.51394e-38
653  653.431  5.87447e+32
654  653.596  0
655  653.76  0
656  653.925  3.36312e-44
657  654.089  3.36312e-44
658  654.254  2.48717e-38
659  654.418  4.84185e+30
660  654.583  7.21308e+22
661  654.747  6.13172e+28
662  654.912  4.0709e+31
663  655.076  2.1538e-42
664  655.241  2.51394e-38
665  655.405  5.87447e+32
666  655.57  0
667  655.734  0
668  655.899  2.4872e-38
669  656.063  1.4013e-45
670  656.228  4.48416e-44
671  656.392  2.24208e-44
672  656.556  2.48715e-38
673  656.721  1.4013e-45
674  656.885  2.48716e-38
675  657.05  2.38221e-44
676  657.214  2.48724e-38
677  657.378  5.87447e+32
678  657.543  8.96831e-44
679  657.707  3.36312e-44
680  657.872  2.48718e-38
681  658.036  0
682  658.2  1.5078e-42
683  658.365  3.08286e-44
684  658.529  2.48916e-38
685  658.694  2.03048e-42
686  658.858  2.51394e-38
687  659.022  5.87447e+32
688  659.187  0
689  659.351  0
690  659.515  2.48725e-38
691  659.68  6.89163e+11
692  659.844  4.48416e-44
693  660.008  3.36312e-44
694  660.172  2.48721e-38
695  660.337  0
696  660.501  1.4013e-45
697  660.665  3.08286e-44
698  660.83  2.48916e-38
699  660.994  1.95201e-42
700  661.158  2.51394e-38
701  661.322  5.87447e+32
702  661.487  0
703  661.651  0
704  661.815  3.36312e-44
705  661.979  3.36312e-44
706  662.144  2.48722e-38
707  662.308  4.84185e+30
708  662.472  7.21308e+22
709  662.636  6.13172e+28
710  662.8  1.16829e-10
711  662.965  1.88475e-42
712  663.129  2.51394e-38
713  663.293  5.87447e+32
714  663.457  0
715  663.621  0
716  663.786  2.4872e-38
717  663.95  1.4013e-45
718  664.114  2.48721e-38
719  664.278  2.38221e-44
720  664.442  2.48729e-38
721  664.606  2.48722e-38
722  664.77  6.72623e-44
723  664.935  3.36312e-44
724  665.099  2.48723e-38
725  665.263  0
726  665.427  1.5078e-42
727  665.591  3.08286e-44
728  665.755  2.48917e-38
729  665.919  1.78385e-42
730  666.083  2.51394e-38
731  666.247  5.87447e+32
732  666.411  0
733  666.575  0
734  666.74  3.36312e-44
735  666.904  3.36312e-44
736  667.068  2.48726e-38
737  667.232  6.89163e+11
738  667.396  2.06194e-19
739  667.56  7.3792e+28
740  667.724  7.27005e+31
741  667.888  1.71659e-42
742  668.052  2.51394e-38
743  668.216  5.87447e+32
744  668.38  0
745  668.544  0
746  668.708  3.36312e-44
747  668.872  3.36312e-44
748  669.036  2.48726e-38
749  669.2  4.84185e+30
750  669.364  7.21308e+22
751  669.527  6.13172e+28
752  669.691  6.21169e+26
753  669.855  1.64933e-42
754  670.019  2.51394e-38
755  670.183  5.87447e+32
756  670.347  0
757  670.511  0
758  670.675  2.4873e-38
759  670.839  1.4013e-45
760  671.003  4.48416e-44
761  671.167  2.24208e-44
762  671.331  2.48725e-38
763  671.494  1.4013e-45
764  671.658  2.48726e-38
765  671.822  2.38221e-44
766  671.986  2.48734e-38
767  672.15  5.87447e+32
768  672.314  8.96831e-44
769  672.478  3.36312e-44
770  672.641  2.48728e-38
771  672.805  0
772  672.969  1.5078e-42
773  673.133  3.08286e-44
774  673.297  2.48919e-38
775  673.46  1.52601e-42
776  673.624  2.51394e-38
777  673.788  5.87447e+32
778  673.952  0
779  674.116  0
780  674.279  3.36312e-44
781  674.443  3.36312e-44
782  674.607  2.48731e-38
783  674.771  6.89163e+11
784  674.934  2.75605e+23
785  675.098  0
786  675.262  0.226007
787  675.426  1.45875e-42
788  675.589  2.51394e-38
789  675.753  5.87447e+32
790  675.917  0
791  676.08  0
792  676.244  3.36312e-44
793  676.408  3.36312e-44
794  676.571  2.48732e-38
795  676.735  4.84185e+30
796  676.899  7.21308e+22
797  677.062  6.13172e+28
798  677.226  6.18487e-33
799  677.39  1.39149e-42
800  677.553  2.51394e-38
801  677.717  5.87447e+32
802  677.881  0
803  678.044  0
804  678.208  2.48735e-38
805  678.372  1.4013e-45
806  678.535  4.48416e-44
807  678.699  2.24208e-44
808  678.862  2.4873e-38
809  679.026  1.4013e-45
810  679.19  2.48731e-38
811  679.353  2.38221e-44
812  679.517  2.4874e-38
813  679.68  5.87447e+32
814  679.844  8.96831e-44
815  680.007  3.36312e-44
816  680.171  2.48733e-38
817  680.334  0
818  680.498  1.5078e-42
819  680.661  3.08286e-44
820  680.825  2.4892e-38
821  680.989  1.26818e-42
822  681.152  2.51394e-38
823  681.315  5.87447e+32
824  681.479  0
825  681.642  0
826  681.806  2.4874e-38
827  681.969  3.0349e+32
828  682.133  4.48416e-44
829  682.296  3.36312e-44
830  682.46  2.48736e-38
831  682.623  0
832  682.787  1.4013e-45
833  682.95  3.08286e-44
834  683.114  2.4892e-38
835  683.277  1.1897e-42
836  683.44  2.51394e-38
837  683.604  5.87447e+32
838  683.767  0
839  683.931  0
840  684.094  3.36312e-44
841  684.257  3.36312e-44
842  684.421  2.48738e-38
843  684.584  4.84185e+30
844  684.747  7.21308e+22
845  684.911  6.13172e+28
846  685.074  4.0709e+31
847  685.237  1.12244e-42
848  685.401  2.51394e-38
849  685.564  5.87447e+32
850  685.727  0
851  685.891  0
852  686.054  2.48736e-38
853  686.217  1.4013e-45
854  686.381  2.48736e-38
855  686.544  2.38221e-44
856  686.707  2.48745e-38
857  686.871  2.48737e-38
858  687.034  6.72623e-44
859  687.197  3.36312e-44
860  687.36  2.48738e-38
861  687.524  0
862  687.687  1.5078e-42
863  687.85  3.08286e-44
864  688.013  2.48921e-38
865  688.177  1.02155e-42
866  688.34  2.51394e-38
867  688.503  5.87447e+32
868  688.666  0
869  688.829  0
870  688.993  2.48745e-38
871  689.156  2.69128e+20
872  689.319  4.48416e-44
873  689.482  3.36312e-44
874  689.645  2.48741e-38
875  689.809  0
876  689.972  1.4013e-45
877  690.135  3.08286e-44
878  690.298  2.48922e-38
879  690.461  9.43074e-43
880  690.624  2.51394e-38
881  690.787  5.87447e+32
882  690.95  0
883  691.114  0
884  691.277  3.36312e-44
885  691.44  3.36312e-44
886  691.603  2.48743e-38
887  691.766  4.84185e+30
888  691.929  7.21308e+22
889  692.092  6.13172e+28
890  692.255  2.54431e+30
891  692.418  8.75812e-43
892  692.581  2.51394e-38
893  692.744  5.87447e+32
894  692.907  0
895  693.07  0
896  693.233  2.48741e-38
897  693.396  1.4013e-45
898  693.56  2.48741e-38
899  693.722  2.38221e-44
900  693.885  2.4875e-38
901  694.048  2.48742e-38
902  694.211  6.72623e-44
903  694.374  3.36312e-44
904  694.537  2.48743e-38
905  694.7  0
906  694.863  1.5078e-42
907  695.026  3.08286e-44
908  695.189  2.48923e-38
909  695.352  7.74918e-43
910  695.515  2.51394e-38
911  695.678  5.87447e+32
912  695.841  0
913  696.004  0
914  696.167  2.4875e-38
915  696.33  2.93863e+29
916  696.493  4.48416e-44
917  696.656  3.36312e-44
918  696.818  2.48746e-38
919  696.981  0
920  697.144  1.4013e-45
921  697.307  3.08286e-44
922  697.47  2.48923e-38
923  697.633  6.96445e-43
924  697.796  2.51394e-38
925  697.958  5.87447e+32
926  698.121  2.48924e-38
927  698.284  0
928  698.447  3.36312e-44
929  698.61  3.36312e-44
930  698.772  2.48748e-38
931  698.935  4.84185e+30
932  699.098  7.21308e+22
933  699.261  6.13172e+28
934  699.424  0.125444
935  699.586  6.29183e-43
936  699.749  2.51394e-38
937  699.912  5.87447e+32
938  700.075  2.24208e-44
939  700.237  2.24208e-44
940  700.4  2.48745e-38
941  700.563  1.4013e-45
942  700.726  2.48746e-38
943  700.888  2.38221e-44
944  701.051  2.48754e-38
945  701.214  2.48747e-38
946  701.376  6.72623e-44
947  701.539  3.36312e-44
948  701.702  2.48748e-38
949  701.864  0
950  702.027  1.5078e-42
951  702.19  3.08286e-44
952  702.352  2.48924e-38
953  702.515  5.2829e-43
954  702.678  2.51394e-38
955  702.84  5.87447e+32
956  703.003  2.24208e-44
957  703.166  2.24208e-44
958  703.328  2.48755e-38
959  703.491  5.85659e+32
960  703.654  4.48416e-44
961  703.816  3.36312e-44
962  703.979  2.48751e-38
963  704.141  0
964  704.304  1.4013e-45
965  704.466  3.08286e-44
966  704.629  2.48924e-38
967  704.792  4.49817e-43
968  704.954  2.51394e-38
969  705.117  5.87447e+32
970  705.279  2.48925e-38
971  705.442  0
972  705.604  3.36312e-44
973  705.767  3.36312e-44
974  705.929  2.48752e-38
975  706.092  4.84185e+30
976  706.254  7.21308e+22
977  706.417  6.13172e+28
978  706.579  1.54622e-33
979  706.742  3.82554e-43
980  706.904  2.51394e-38
981  707.067  5.87447e+32
982  707.229  2.24208e-44
983  707.392  2.24208e-44
984  707.554  2.4875e-38
985  707.717  1.4013e-45
986  707.879  2.48751e-38
987  708.041  2.38221e-44
988  708.204  2.48759e-38
989  708.366  2.48752e-38
990  708.529  6.72623e-44
991  708.691  3.36312e-44
992  708.853  2.48753e-38
993  709.016  0
994  709.178  1.5078e-42
995  709.34  3.08286e-44
996  709.503  2.48925e-38
997  709.665  2.81661e-43
998  709.828  2.51394e-38
999  709.99  5.87447e+32
1000  710.152  2.24208e-44
1001  710.315  2.24208e-44
1002  710.477  2.4876e-38
1003  710.639  6.85521e+22
1004  710.802  4.48416e-44
1005  710.964  3.36312e-44
1006  711.126  2.48756e-38
1007  711.288  0
1008  711.451  1.4013e-45
1009  711.613  3.08286e-44
1010  711.775  2.48926e-38
1011  711.938  2.03188e-43
1012  712.1  2.51394e-38
1013  712.262  5.87447e+32
1014  712.424  2.48926e-38
1015  712.587  0
1016  712.749  3.36312e-44
1017  712.911  3.36312e-44
1018  713.073  2.48757e-38
1019  713.235  4.84185e+30
1020  713.398  7.21308e+22
1021  713.56  6.13172e+28
1022  713.722  0.031361
1023  713.884  1.35926e-43
1024  714.046  2.51394e-38
1025  714.208  5.87447e+32
1026  714.371  2.24208e-44
1027  714.533  2.24208e-44
1028  714.695  2.48755e-38
1029  714.857  1.4013e-45
1030  715.019  2.48756e-38
1031  715.181  2.38221e-44
1032  715.343  2.51396e-38
1033  715.506  2.48756e-38
1034  715.668  6.72623e-44
1035  715.83  3.36312e-44
1036  715.992  2.48758e-38
1037  716.154  0
1038  716.316  1.5078e-42
1039  716.478  3.08286e-44
1040  716.64  2.48927e-38
1041  716.802  3.50325e-44
1042  716.964  2.51394e-38
1043  717.126  5.87447e+32
1044  717.288  1.4013e-45
1045  717.45  3.08286e-44
1046  717.612  2.25329e-42
1047  717.775  3.36312e-44
1048  717.936  2.47455e-38
1049  718.099  0
1050  718.26  1.4013e-45
1051  718.423  3.08286e-44
1052  718.584  2.50575e-38
1053  718.746  4.99002e-42
1054  718.908  2.48977e-38
1055  719.07  5.87447e+32
1056  719.232  0
1057  719.394  0
1058  719.556  3.36312e-44
1059  719.718  3.36312e-44
1060  719.88  2.48762e-38
1061  720.042  4.84185e+30
1062  720.204  7.21308e+22
1063  720.366  6.13172e+28
1064  720.528  4.0709e+31
1065  720.69  4.92276e-42
1066  720.852  2.48977e-38
1067  721.013  5.87447e+32
1068  721.175  0
1069  721.337  0
1070  721.499  2.47453e-38
1071  721.661  1.4013e-45
1072  721.823  2.47454e-38
1073  721.985  2.38221e-44
1074  722.146  2.48769e-38
1075  722.308  2.47454e-38
1076  722.47  6.72623e-44
1077  722.632  3.36312e-44
1078  722.794  2.48763e-38
1079  722.956  0
1080  723.117  1.5078e-42
1081  723.279  3.08286e-44
1082  723.441  2.50576e-38
1083  723.603  4.82187e-42
1084  723.764  2.48977e-38
1085  723.926  5.87447e+32
1086  724.088  0
1087  724.25  0
1088  724.411  2.48769e-38
1089  724.573  3.03511e+32
1090  724.735  4.48416e-44
1091  724.897  3.36312e-44
1092  725.058  2.48765e-38
1093  725.22  0
1094  725.382  1.4013e-45
1095  725.543  3.08286e-44
1096  725.705  2.50577e-38
1097  725.867  4.7434e-42
1098  726.028  2.48977e-38
1099  726.19  5.87447e+32
1100  726.352  0
1101  726.513  0
1102  726.675  3.36312e-44
1103  726.837  3.36312e-44
1104  726.998  2.48767e-38
1105  727.16  4.84185e+30
1106  727.322  7.21308e+22
1107  727.483  6.13172e+28
1108  727.645  3.97548e+28
1109  727.806  4.67613e-42
1110  727.968  2.48977e-38
1111  728.129  5.87447e+32
1112  728.291  0
1113  728.453  0
1114  728.614  2.48765e-38
1115  728.776  1.4013e-45
1116  728.937  2.48766e-38
1117  729.099  2.38221e-44
1118  729.26  2.48774e-38
1119  729.422  2.48766e-38
1120  729.583  6.72623e-44
1121  729.745  3.36312e-44
1122  729.906  2.48768e-38
1123  730.068  0
1124  730.229  1.5078e-42
1125  730.391  3.08286e-44
1126  730.552  2.50578e-38
1127  730.714  4.57524e-42
1128  730.875  2.48977e-38
1129  731.037  5.87447e+32
1130  731.198  0
1131  731.36  0
1132  731.521  3.36312e-44
1133  731.682  3.36312e-44
1134  731.844  2.4877e-38
1135  732.005  3.03511e+32
1136  732.167  4.12238e+30
1137  732.328  1.55544e-43
1138  732.489  9.17006e-33
1139  732.651  4.50798e-42
1140  732.812  2.48977e-38
1141  732.974  5.87447e+32
1142  733.135  0
1143  733.296  0
1144  733.458  3.36312e-44
1145  733.619  3.36312e-44
1146  733.78  2.48771e-38
1147  733.942  4.84185e+30
1148  734.103  7.21308e+22
1149  734.264  6.13172e+28
1150  734.426  1.74089e-18
1151  734.587  4.44071e-42
1152  734.748  2.48977e-38
1153  734.909  5.87447e+32
1154  735.071  0
1155  735.232  0
1156  735.393  2.48775e-38
1157  735.554  1.4013e-45
1158  735.716  4.48416e-44
1159  735.877  2.24208e-44
1160  736.038  2.4877e-38
1161  736.199  1.4013e-45
1162  736.361  2.48771e-38
1163  736.522  2.38221e-44
1164  736.683  2.48779e-38
1165  736.844  5.87447e+32
1166  737.005  8.96831e-44
1167  737.167  3.36312e-44
1168  737.328  2.48772e-38
1169  737.489  0
1170  737.65  1.5078e-42
1171  737.811  3.08286e-44
1172  737.972  2.50579e-38
1173  738.134  4.3174e-42
1174  738.295  2.48977e-38
1175  738.456  5.87447e+32
1176  738.617  0
1177  738.778  0
1178  738.939  2.4878e-38
1179  739.1  5.85658e+32
1180  739.261  4.48416e-44
1181  739.422  3.36312e-44
1182  739.584  2.48776e-38
1183  739.745  0
1184  739.906  1.4013e-45
1185  740.067  3.08286e-44
1186  740.228  2.50579e-38
1187  740.389  4.23893e-42
1188  740.55  2.48977e-38
1189  740.711  5.87447e+32
1190  740.872  0
1191  741.033  0
1192  741.194  3.36312e-44
1193  741.355  3.36312e-44
1194  741.516  2.48777e-38
1195  741.677  4.84185e+30
1196  741.838  7.21308e+22
1197  741.999  6.13172e+28
1198  742.16  3.79132e+22
1199  742.321  4.17167e-42
1200  742.482  2.48977e-38
1201  742.643  5.87447e+32
1202  742.804  0
1203  742.965  0
1204  743.125  2.48775e-38
1205  743.286  1.4013e-45
1206  743.447  2.48776e-38
1207  743.608  2.38221e-44
1208  743.769  2.48784e-38
1209  743.93  2.48776e-38
1210  744.091  6.72623e-44
1211  744.252  3.36312e-44
1212  744.413  2.48778e-38
1213  744.573  0
1214  744.734  1.5078e-42
1215  744.895  3.08286e-44
1216  745.056  2.5058e-38
1217  745.217  4.07077e-42
1218  745.378  2.48977e-38
1219  745.539  5.87447e+32
1220  745.699  0
1221  745.86  0
1222  746.021  2.48785e-38
1223  746.182  7.39723e+31
1224  746.342  4.48416e-44
1225  746.503  3.36312e-44
1226  746.664  2.4878e-38
1227  746.825  0
1228  746.985  1.4013e-45
1229  747.146  3.08286e-44
1230  747.307  2.50581e-38
1231  747.468  3.9923e-42
1232  747.628  2.48977e-38
1233  747.789  5.87447e+32
1234  747.95  0
1235  748.111  0
1236  748.271  3.36312e-44
1237  748.432  3.36312e-44
1238  748.593  2.48782e-38
1239  748.753  4.84185e+30
1240  748.914  7.21308e+22
1241  749.075  6.13172e+28
1242  749.235  4.0709e+31
1243  749.396  3.92504e-42
1244  749.556  2.48977e-38
1245  749.717  5.87447e+32
1246  749.878  0
1247  750.038  0
1248  750.199  2.4878e-38
1249  750.359  1.4013e-45
1250  750.52  2.48781e-38
1251  750.681  2.38221e-44
1252  750.841  2.48789e-38
1253  751.002  2.48781e-38
1254  751.162  6.72623e-44
1255  751.323  3.36312e-44
1256  751.484  2.48783e-38
1257  751.644  0
1258  751.805  1.5078e-42
1259  751.965  3.08286e-44
1260  752.126  2.50582e-38
1261  752.286  3.82414e-42
1262  752.447  2.48977e-38
1263  752.607  5.87447e+32
1264  752.768  0
1265  752.928  0
1266  753.089  3.36312e-44
1267  753.249  3.36312e-44
1268  753.41  2.48785e-38
1269  753.57  3.68584e+24
1270  753.73  6.71258e+22
1271  753.891  4.35664e-41
1272  754.051  3.23098e-18
1273  754.212  3.75688e-42
1274  754.372  2.48977e-38
1275  754.533  5.87447e+32
1276  754.693  0
1277  754.853  0
1278  755.014  3.36312e-44
1279  755.174  3.36312e-44
1280  755.334  2.48786e-38
1281  755.495  4.84185e+30
1282  755.655  7.21308e+22
1283  755.816  6.13172e+28
1284  755.976  0.00784026
1285  756.136  3.68962e-42
1286  756.297  2.48977e-38
1287  756.457  5.87447e+32
1288  756.617  0
1289  756.777  0
1290  756.938  2.4879e-38
1291  757.098  1.4013e-45
1292  757.258  4.48416e-44
1293  757.419  2.24208e-44
1294  757.579  2.48785e-38
1295  757.739  1.4013e-45
1296  757.899  2.48786e-38
1297  758.06  2.38221e-44
1298  758.22  2.48794e-38
1299  758.38  5.87447e+32
1300  758.54  8.96831e-44
1301  758.701  3.36312e-44
1302  758.861  2.48787e-38
1303  759.021  0
1304  759.181  1.5078e-42
1305  759.341  3.08286e-44
1306  759.502  2.50583e-38
1307  759.662  3.5663e-42
1308  759.822  2.48977e-38
1309  759.982  5.87447e+32
1310  760.142  0
1311  760.302  0
1312  760.463  3.36312e-44
1313  760.623  3.36312e-44
1314  760.783  2.48791e-38
1315  760.943  1.54234e+25
1316  761.103  4.61724e+24
1317  761.263  3.56616e-41
1318  761.423  0
1319  761.583  3.49904e-42
1320  761.743  2.48977e-38
1321  761.903  5.87447e+32
1322  762.063  0
1323  762.224  0
1324  762.384  3.36312e-44
1325  762.544  3.36312e-44
1326  762.704  2.48791e-38
1327  762.864  4.84185e+30
1328  763.024  7.21308e+22
1329  763.184  6.13172e+28
1330  763.344  4.17671e-41
1331  763.504  3.43178e-42
1332  763.664  2.48977e-38
1333  763.824  5.87447e+32
1334  763.984  0
1335  764.144  0
1336  764.304  2.48795e-38
1337  764.464  1.4013e-45
1338  764.624  4.48416e-44
1339  764.784  2.24208e-44
1340  764.943  2.4879e-38
1341  765.103  1.4013e-45
1342  765.263  2.48791e-38
1343  765.423  2.38221e-44
1344  765.583  2.48799e-38
1345  765.743  5.87447e+32
1346  765.903  8.96831e-44
1347  766.063  3.36312e-44
1348  766.223  2.48793e-38
1349  766.382  0
1350  766.542  1.5078e-42
1351  766.702  3.08286e-44
1352  766.862  2.50584e-38
1353  767.022  3.30847e-42
1354  767.182  2.48977e-38
1355  767.341  5.87447e+32
1356  767.501  0
1357  767.661  0
1358  767.821  2.488e-38
1359  767.981  7.18332e+22
1360  768.14  4.48416e-44
1361  768.3  3.36312e-44
1362  768.46  2.48796e-38
1363  768.62  0
1364  768.779  1.4013e-45
1365  768.939  3.08286e-44
1366  769.099  2.50585e-38
1367  769.259  3.22999e-42
1368  769.418  2.48977e-38
1369  769.578  5.87447e+32
1370  769.738  0
1371  769.898  0
1372  770.057  3.36312e-44
1373  770.217  3.36312e-44
1374  770.377  2.48797e-38
1375  770.536  4.84185e+30
1376  770.696  7.21308e+22
1377  770.856  6.13172e+28
1378  771.015  4.17671e-41
1379  771.175  3.16273e-42
1380  771.335  2.48977e-38
1381  771.494  5.87447e+32
1382  771.654  0
1383  771.813  0
1384  771.973  2.48795e-38
1385  772.133  1.4013e-45
1386  772.292  2.48796e-38
1387  772.452  2.38221e-44
1388  772.611  2.48808e-38
1389  772.771  2.48796e-38
1390  772.93  6.72623e-44
1391  773.09  3.36312e-44
1392  773.25  2.48564e-38
1393  773.409  0
1394  773.569  1.5078e-42
1395  773.728  3.08286e-44
1396  773.888  2.48876e-38
1397  774.047  1.58347e-43
1398  774.207  2.48565e-38
1399  774.366  5.87447e+32
1400  774.526  1.4013e-45
1401  774.685  3.08286e-44
1402  774.844  3.36312e-44
1403  775.004  3.36312e-44
1404  775.163  2.48801e-38
1405  775.323  2.01916e-19
1406  775.482  1.93482e-19
1407  775.642  1.20629e+27
1408  775.801  6.64453e-33
1409  775.961  9.10844e-44
1410  776.12  2.48565e-38
1411  776.279  5.87447e+32
1412  776.439  2.48876e-38
1413  776.598  0
1414  776.758  3.36312e-44
1415  776.917  3.36312e-44
1416  777.076  2.48801e-38
1417  777.236  4.84185e+30
1418  777.395  7.21308e+22
1419  777.554  6.13172e+28
1420  777.714  6.18487e-33
1421  777.873  2.38221e-44
1422  778.032  2.43593e-38
1423  778.192  2.4856e-38
1424  778.351  2.57839e-43
1425  778.51  3.36312e-44
1426  778.669  2.48798e-38
1427  778.829  0
1428  778.988  1.5078e-42
1429  779.147  3.08286e-44
1430  779.307  2.50586e-38
1431  779.466  2.87126e-42
1432  779.625  2.48977e-38
1433  779.784  5.87447e+32
1434  779.943  0
1435  780.103  0
1436  780.262  3.36312e-44
1437  780.421  3.36312e-44
1438  780.58  2.48804e-38
1439  780.739  2.75545e+12
1440  780.899  1.81781e+31
1441  781.058  1.84705e+25
1442  781.217  3.71036e-41
1443  781.376  2.804e-42
1444  781.535  2.48977e-38
1445  781.694  5.87447e+32
1446  781.854  0
1447  782.013  0
1448  782.172  3.36312e-44
1449  782.331  3.36312e-44
1450  782.49  2.48805e-38
1451  782.649  4.84185e+30
1452  782.808  7.21308e+22
1453  782.967  6.13172e+28
1454  783.126  4.17671e-41
1455  783.285  2.73674e-42
1456  783.444  2.48977e-38
1457  783.603  5.87447e+32
1458  783.762  0
1459  783.922  0
1460  784.081  2.48809e-38
1461  784.24  1.4013e-45
1462  784.399  4.48416e-44
1463  784.558  2.24208e-44
1464  784.717  2.488e-38
1465  784.876  1.4013e-45
1466  785.034  2.48805e-38
1467  785.193  2.38221e-44
1468  785.352  2.48813e-38
1469  785.511  5.87447e+32
1470  785.67  8.96831e-44
1471  785.829  3.36312e-44
1472  785.988  2.48806e-38
1473  786.147  0
1474  786.306  1.5078e-42
1475  786.465  3.08286e-44
1476  786.624  2.50587e-38
1477  786.783  2.61342e-42
1478  786.942  2.48977e-38
1479  787.101  5.87447e+32
1480  787.259  0
1481  787.418  0
1482  787.577  2.48814e-38
1483  787.736  5.85659e+32
1484  787.895  4.48416e-44
1485  788.054  3.36312e-44
1486  788.213  2.4881e-38
1487  788.371  0
1488  788.53  1.4013e-45
1489  788.689  3.08286e-44
1490  788.848  2.50587e-38
1491  789.006  2.53495e-42
1492  789.165  2.48977e-38
1493  789.324  5.87447e+32
1494  789.483  0
1495  789.642  0
1496  789.8  3.36312e-44
1497  789.959  3.36312e-44
1498  790.118  2.48811e-38
1499  790.277  4.84185e+30
1500  790.435  7.21308e+22
1501  790.594  6.13172e+28
1502  790.753  4.17671e-41
1503  790.911  2.46769e-42
1504  791.07  2.48977e-38
1505  791.229  5.87447e+32
1506  791.387  0
1507  791.546  0
1508  791.705  2.48809e-38
1509  791.863  1.4013e-45
1510  792.022  2.4881e-38
1511  792.181  2.38221e-44
1512  792.339  2.48818e-38
1513  792.498  2.4881e-38
1514  792.656  6.72623e-44
1515  792.815  3.36312e-44
1516  792.974  2.48812e-38
1517  793.132  0
1518  793.291  1.5078e-42
1519  793.449  3.08286e-44
1520  793.608  2.50588e-38
1521  793.766  2.36679e-42
1522  793.925  2.48977e-38
1523  794.084  5.87447e+32
1524  794.242  0
1525  794.401  0
1526  794.559  2.48819e-38
1527  794.718  9.38739e+26
1528  794.876  4.48416e-44
1529  795.035  3.36312e-44
1530  795.193  2.48815e-38
1531  795.352  0
1532  795.51  1.4013e-45
1533  795.668  3.08286e-44
1534  795.827  2.50589e-38
1535  795.985  2.28832e-42
1536  796.144  2.48977e-38
1537  796.302  5.87447e+32
1538  796.461  0
1539  796.619  0
1540  796.777  3.36312e-44
1541  796.936  3.36312e-44
1542  797.094  2.48816e-38
1543  797.253  4.84185e+30
1544  797.411  7.21308e+22
1545  797.569  6.13172e+28
1546  797.728  4.17671e-41
1547  797.886  2.22106e-42
1548  798.044  2.48977e-38
1549  798.203  5.87447e+32
1550  798.361  0
1551  798.519  0
1552  798.678  2.48814e-38
1553  798.836  1.4013e-45
1554  798.994  2.48815e-38
1555  799.153  2.38221e-44
1556  799.311  2.48823e-38
1557  799.469  2.48815e-38
1558  799.627  6.72623e-44
1559  799.786  3.36312e-44
1560  799.944  2.48817e-38
1561  800.102  0
1562  800.26  1.5078e-42
1563  800.419  3.08286e-44
1564  800.577  2.5059e-38
1565  800.735  2.12016e-42
1566  800.893  2.48977e-38
1567  801.051  5.87447e+32
1568  801.21  0
1569  801.368  0
1570  801.526  2.48824e-38
1571  801.684  3.52405e+12
1572  801.842  4.48416e-44
1573  802  3.36312e-44
1574  802.159  2.48819e-38
1575  802.317  0
1576  802.475  1.4013e-45
1577  802.633  3.08286e-44
1578  802.791  2.5059e-38
1579  802.949  2.04169e-42
1580  803.107  2.48977e-38
1581  803.265  5.87447e+32
1582  803.423  0
1583  803.581  0
1584  803.739  3.36312e-44
1585  803.898  3.36312e-44
1586  804.056  2.48821e-38
1587  804.214  4.84185e+30
1588  804.372  7.21308e+22
1589  804.53  6.13172e+28
1590  804.688  4.17671e-41
1591  804.846  1.97443e-42
1592  805.004  2.48977e-38
1593  805.162  5.87447e+32
1594  805.32  0
1595  805.478  0
1596  805.636  2.48819e-38
1597  805.793  1.4013e-45
1598  805.951  2.4882e-38
1599  806.109  2.38221e-44
1600  806.267  2.48828e-38
1601  806.425  2.4882e-38
1602  806.583  6.72623e-44
1603  806.741  3.36312e-44
1604  806.899  2.48822e-38
1605  807.057  0
1606  807.215  1.5078e-42
1607  807.373  3.08286e-44
1608  807.53  2.50591e-38
1609  807.688  1.87354e-42
1610  807.846  2.48977e-38
1611  808.004  5.87447e+32
1612  808.162  0
1613  808.32  0
1614  808.478  3.36312e-44
1615  808.635  3.36312e-44
1616  808.793  2.48824e-38
1617  808.951  6.34836e+28
1618  809.109  3.01358e+29
1619  809.266  1.69259e+22
1620  809.424  0
1621  809.582  1.80627e-42
1622  809.74  2.48977e-38
1623  809.897  5.87447e+32
1624  810.055  0
1625  810.213  0
1626  810.371  3.36312e-44
1627  810.528  3.36312e-44
1628  810.686  2.48825e-38
1629  810.844  4.84185e+30
1630  811.002  7.21308e+22
1631  811.159  6.13172e+28
1632  811.317  4.17671e-41
1633  811.475  1.73901e-42
1634  811.632  2.48977e-38
1635  811.79  5.87447e+32
1636  811.947  0
1637  812.105  0
1638  812.263  2.48829e-38
1639  812.42  1.4013e-45
1640  812.578  4.48416e-44
1641  812.736  2.24208e-44
1642  812.893  2.48824e-38
1643  813.051  1.4013e-45
1644  813.208  2.48825e-38
1645  813.366  2.38221e-44
1646  813.523  2.48833e-38
1647  813.681  5.87447e+32
1648  813.839  8.96831e-44
1649  813.996  3.36312e-44
1650  814.154  2.48826e-38
1651  814.311  0
1652  814.469  1.5078e-42
1653  814.626  3.08286e-44
1654  814.784  2.50592e-38
1655  814.941  1.6157e-42
1656  815.099  2.48977e-38
1657  815.256  5.87447e+32
1658  815.414  0
1659  815.571  0
1660  815.729  3.36312e-44
1661  815.886  3.36312e-44
1662  816.043  2.4883e-38
1663  816.201  2.37648e+20
1664  816.358  4.85656e+33
1665  816.516  0
1666  816.673  0
1667  816.83  1.54843e-42
1668  816.988  2.48977e-38
1669  817.145  5.87447e+32
1670  817.303  0
1671  817.46  0
1672  817.617  3.36312e-44
1673  817.775  3.36312e-44
1674  817.932  2.4883e-38
1675  818.089  4.84185e+30
1676  818.247  7.21308e+22
1677  818.404  6.13172e+28
1678  818.561  4.17671e-41
1679  818.718  1.48117e-42
1680  818.876  2.48977e-38
1681  819.033  5.87447e+32
1682  819.19  0
1683  819.348  0
1684  819.505  2.48834e-38
1685  819.662  1.4013e-45
1686  819.819  4.48416e-44
1687  819.977  2.24208e-44
1688  820.134  2.48829e-38
1689  820.291  1.4013e-45
1690  820.448  2.4883e-38
1691  820.605  2.38221e-44
1692  820.763  2.48838e-38
1693  820.92  5.87447e+32
1694  821.077  8.96831e-44
1695  821.234  3.36312e-44
1696  821.391  2.48832e-38
1697  821.548  0
1698  821.706  1.5078e-42
1699  821.863  3.08286e-44
1700  822.02  2.50594e-38
1701  822.177  1.35786e-42
1702  822.334  2.48977e-38
1703  822.491  5.87447e+32
1704  822.648  0
1705  822.805  0
1706  822.962  2.48839e-38
1707  823.119  13512.1
1708  823.276  4.48416e-44
1709  823.434  3.36312e-44
1710  823.591  2.48835e-38
1711  823.748  0
1712  823.905  1.4013e-45
1713  824.062  3.08286e-44
1714  824.219  2.50594e-38
1715  824.376  1.27939e-42
1716  824.533  2.48977e-38
1717  824.69  5.87447e+32
1718  824.847  0
1719  825.004  0
1720  825.161  3.36312e-44
1721  825.318  3.36312e-44
1722  825.474  2.48836e-38
1723  825.631  4.84185e+30
1724  825.788  7.21308e+22
1725  825.945  6.13172e+28
1726  826.102  4.17671e-41
1727  826.259  1.21212e-42
1728  826.416  2.48977e-38
1729  826.573  5.87447e+32
1730  826.73  0
1731  826.887  0
1732  827.043  2.48834e-38
1733  827.2  1.4013e-45
1734  827.357  2.48835e-38
1735  827.514  2.38221e-44
1736  827.671  2.48843e-38
1737  827.828  2.48835e-38
1738  827.984  6.72623e-44
1739  828.141  3.36312e-44
1740  828.298  2.48837e-38
1741  828.455  0
1742  828.612  1.5078e-42
1743  828.768  3.08286e-44
1744  828.925  2.50595e-38
1745  829.082  1.11123e-42
1746  829.239  2.48977e-38
1747  829.395  5.87447e+32
1748  829.552  0
1749  829.709  0
1750  829.865  3.36312e-44
1751  830.022  3.36312e-44
1752  830.179  2.4884e-38
1753  830.336  1.64899e+28
1754  830.492  1.76637e+22
1755  830.649  8.81012e+11
1756  830.806  0
1757  830.962  1.04397e-42
1758  831.119  2.48977e-38
1759  831.276  5.87447e+32
1760  831.432  0
1761  831.589  0
1762  831.745  3.36312e-44
1763  831.902  3.36312e-44
1764  832.059  2.4884e-38
1765  832.215  4.84185e+30
1766  832.372  7.21308e+22
1767  832.528  6.13172e+28
1768  832.685  4.17671e-41
1769  832.842  9.76705e-43
1770  832.998  2.48977e-38
1771  833.155  5.87447e+32
1772  833.311  0
1773  833.468  0
1774  833.624  2.48844e-38
1775  833.781  1.4013e-45
1776  833.937  4.48416e-44
1777  834.094  2.24208e-44
1778  834.25  2.48839e-38
1779  834.407  1.4013e-45
1780  834.563  2.4884e-38
1781  834.72  2.38221e-44
1782  834.876  2.48848e-38
1783  835.032  5.87447e+32
1784  835.189  8.96831e-44
1785  835.345  3.36312e-44
1786  835.502  2.48842e-38
1787  835.658  0
1788  835.814  1.5078e-42
1789  835.971  3.08286e-44
1790  836.127  2.50596e-38
1791  836.284  8.53391e-43
1792  836.44  2.48977e-38
1793  836.596  5.87447e+32
1794  836.753  0
1795  836.909  0
1796  837.065  2.48849e-38
1797  837.222  7.74196e-39
1798  837.378  4.48416e-44
1799  837.534  3.36312e-44
1800  837.691  2.48845e-38
1801  837.847  0
1802  838.003  1.4013e-45
1803  838.159  3.08286e-44
1804  838.316  2.50597e-38
1805  838.472  7.74918e-43
1806  838.628  2.48977e-38
1807  838.784  5.87447e+32
1808  838.941  0
1809  839.097  0
1810  839.253  3.36312e-44
1811  839.409  3.36312e-44
1812  839.565  2.48846e-38
1813  839.722  4.84185e+30
1814  839.878  7.21308e+22
1815  840.034  6.13172e+28
1816  840.19  4.17671e-41
1817  840.346  7.07656e-43
1818  840.503  2.48977e-38
1819  840.659  5.87447e+32
1820  840.815  2.24208e-44
1821  840.971  2.24208e-44
1822  841.127  2.48844e-38
1823  841.283  1.4013e-45
1824  841.439  2.48845e-38
1825  841.595  2.38221e-44
1826  841.751  2.48853e-38
1827  841.907  2.48845e-38
1828  842.063  6.72623e-44
1829  842.22  3.36312e-44
1830  842.376  2.48847e-38
1831  842.532  0
1832  842.688  1.5078e-42
1833  842.844  3.08286e-44
1834  843  2.50598e-38
1835  843.156  6.06762e-43
1836  843.312  2.48977e-38
1837  843.468  5.87447e+32
1838  843.624  2.24208e-44
1839  843.78  2.24208e-44
1840  843.936  2.48854e-38
1841  844.092  5.85659e+32
1842  844.247  4.48416e-44
1843  844.403  3.36312e-44
1844  844.559  2.4885e-38
1845  844.715  0
1846  844.871  1.4013e-45
1847  845.027  3.08286e-44
1848  845.183  2.50598e-38
1849  845.339  5.2829e-43
1850  845.495  2.48977e-38
1851  845.651  5.87447e+32
1852  845.806  2.50599e-38
1853  845.962  0
1854  846.118  3.36312e-44
1855  846.274  3.36312e-44
1856  846.43  2.48851e-38
1857  846.586  4.84185e+30
1858  846.741  7.21308e+22
1859  846.897  6.13172e+28
1860  847.053  4.17671e-41
1861  847.209  4.61027e-43
1862  847.365  2.48977e-38
1863  847.52  5.87447e+32
1864  847.676  2.24208e-44
1865  847.832  2.24208e-44
1866  847.988  2.48849e-38
1867  848.143  1.4013e-45
1868  848.299  2.4885e-38
1869  848.455  2.38221e-44
1870  848.61  2.48858e-38
1871  848.766  2.4885e-38
1872  848.922  6.72623e-44
1873  849.078  3.36312e-44
1874  849.233  2.48852e-38
1875  849.389  0
1876  849.544  1.5078e-42
1877  849.7  3.08286e-44
1878  849.856  2.50599e-38
1879  850.011  3.60134e-43
1880  850.167  2.48977e-38
1881  850.323  5.87447e+32
1882  850.478  2.24208e-44
1883  850.634  2.24208e-44
1884  850.789  2.48859e-38
1885  850.945  5.85659e+32
1886  851.101  4.48416e-44
1887  851.256  3.36312e-44
1888  851.412  2.48855e-38
1889  851.567  0
1890  851.723  1.4013e-45
1891  851.878  3.08286e-44
1892  852.034  2.50599e-38
1893  852.189  2.81661e-43
1894  852.345  2.48977e-38
1895  852.5  5.87447e+32
1896  852.656  2.506e-38
1897  852.811  0
1898  852.967  3.36312e-44
1899  853.122  3.36312e-44
1900  853.278  2.48856e-38
1901  853.433  4.84185e+30
1902  853.589  7.21308e+22
1903  853.744  6.13172e+28
1904  853.899  4.17671e-41
1905  854.055  2.14399e-43
1906  854.21  2.48977e-38
1907  854.366  5.87447e+32
1908  854.521  2.24208e-44
1909  854.676  2.24208e-44
1910  854.832  2.48854e-38
1911  854.987  1.4013e-45
1912  855.143  2.48855e-38
1913  855.298  2.38221e-44
1914  855.453  2.48978e-38
1915  855.609  2.48855e-38
1916  855.764  6.72623e-44
1917  855.919  3.36312e-44
1918  856.074  2.48857e-38
1919  856.23  0
1920  856.385  1.5078e-42
1921  856.54  3.08286e-44
1922  856.695  2.506e-38
1923  856.851  1.13505e-43
1924  857.006  2.48977e-38
1925  857.161  5.87447e+32
1926  857.316  2.24208e-44
1927  857.472  2.24208e-44
1928  857.627  2.48978e-38
1929  857.782  2.71411e+20
1930  857.937  4.48416e-44
1931  858.092  3.36312e-44
1932  858.248  2.4886e-38
1933  858.403  0
1934  858.558  1.4013e-45
1935  858.713  3.08286e-44
1936  858.868  2.50601e-38
1937  859.023  3.50325e-44
1938  859.178  2.48532e-38
1939  859.334  2.48977e-38
1940  859.489  2.48863e-38
1941  859.644  0
1942  859.799  2.36875e-41
1943  859.954  5.60519e-44
1944  860.109  2.4887e-38
1945  860.264  0
1946  860.419  5.60519e-45
1947  860.574  0
1948  860.729  1.4013e-45
1949  860.884  0
1950  861.039  1.4013e-45
1951  861.194  0
1952  861.349  0
1953  861.504  5.74532e-44
1954  861.659  2.46385e-38
1955  861.814  2.48866e-38
1956  861.969  4.2039e-45
1957  862.124  0
1958  862.279  2.48865e-38
1959  862.434  0
1960  862.589  1.4013e-45
1961  862.744  0
1962  862.899  2.38557e-41
1963  863.054  6.72623e-44
1964  863.209  2.48867e-38
1965  863.364  7.77816e+31
1966  863.518  4.93963e+30
1967  863.673  7.57823e+31
1968  863.828  7.71795e+28
1969  863.983  8.80508e+23
1970  864.138  1.99388e-19
1971  864.293  2.72614e+20
1972  864.447  7.77816e+31
1973  864.602  7.14393e+31
1974  864.757  1.54143e-43
1975  864.912  5.74532e-44
1976  865.067  2.51105e-38
1977  865.221  2.51676e-38
1978  865.376  1.12104e-44
1979  865.531  0
1980  865.686  2.48867e-38
1981  865.841  0
1982  865.995  1.4013e-45
1983  866.15  0
1984  866.305  2.3979e-41
1985  866.459  6.72623e-44
1986  866.614  2.51687e-38
1987  866.769  1.12104e-44
1988  866.923  -1.42662e+29
1989  867.078  -1.87878e+09
1990  867.233  -2.57725e+38
1991  867.388  -8.36947e+06
1992  867.542  1.5407e-33
1993  867.697  -1.10658e+20
1994  867.852  -5.33348e-20
1995  868.006  1.67693e-41
1996  868.161  2.48538e-38
1997  868.315  8.08549e-43
1998  868.47  2.48886e-38
1999  868.625  2.48889e-38
2000  868.779  0
2001  868.934  0
2002  869.088  5.61655e+27
2003  869.243  0
2004  869.397  1.4013e-45
2005  869.552  0
2006  869.706  5.60519e-44
2007  869.861  5.60519e-44
2008  870.015  2.48873e-38
2009  870.17  0
2010  870.324  1.4013e-45
2011  870.479  0
2012  870.633  0
2013  870.788  0
2014  870.942  1.4013e-45
2015  871.097  0
2016  871.251  1.12104e-43
2017  871.406  5.60519e-44
2018  871.56  2.51702e-38
2019  871.715  0
2020  871.869  4.2039e-45
2021  872.023  0
2022  872.178  2.52715e-38
2023  872.332  0
2024  872.487  1.4013e-45
2025  872.641  0
2026  872.795  1.68156e-43
2027  872.95  5.60519e-44
2028  873.104  2.51686e-38
2029  873.258  0
2030  873.413  4.2039e-45
2031  873.567  0
2032  873.721  2.52719e-38
2033  873.875  0
2034  874.03  1.4013e-45
2035  874.184  0
2036  874.338  0
2037  874.492  1.69557e-43
2038  874.647  2.51697e-38
2039  874.801  5.87447e+32
2040  874.955  4.2039e-45
2041  875.109  0
2042  875.264  2.44708e-38
2043  875.418  0
2044  875.572  1.4013e-45
2045  875.726  0
2046  875.88  5.60519e-44
2047  876.035  5.60519e-44
2048  876.189  2.48875e-38
2049  876.343  0
2050  876.497  1.4013e-45
2051  876.651  0
2052  876.805  0
2053  876.959  0
2054  877.113  1.4013e-45
2055  877.268  0
2056  877.422  1.12104e-43
2057  877.576  5.60519e-44
2058  877.73  2.48872e-38
2059  877.884  0
2060  878.038  4.2039e-45
2061  878.192  0
2062  878.346  2.5272e-38
2063  878.5  0
2064  878.654  1.4013e-45
2065  878.808  0
2066  878.962  3.92364e-43
2067  879.116  5.60519e-44
2068  879.27  2.48896e-38
2069  879.424  0
2070  879.578  1.4013e-45
2071  879.732  0
2072  879.886  2.8026e-43
2073  880.04  0
2074  880.194  1.4013e-45
2075  880.348  0
2076  880.502  0
2077  880.655  3.60134e-43
2078  880.809  2.48889e-38
2079  880.963  5.87447e+32
2080  881.117  4.2039e-45
2081  881.271  2.48897e-38
2082  881.425  9.80909e-45
2083  881.579  2.48896e-38
2084  881.732  1.12104e-44
2085  881.886  2.48877e-38
2086  882.04  1.26117e-44
2087  882.194  2.48882e-38
2088  882.348  1.96182e-44
2089  882.501  2.48891e-38
2090  882.655  2.94273e-44
2091  882.809  2.48893e-38
2092  882.963  3.08286e-44
2093  883.117  2.4889e-38
2094  883.27  3.50325e-44
2095  883.424  2.48883e-38
2096  883.578  4.62428e-44
2097  883.732  2.48889e-38
2098  883.885  4.76441e-44
2099  884.039  2.48886e-38
2100  884.193  5.04467e-44
2101  884.346  2.48884e-38
2102  884.5  0
2103  884.654  0
2104  884.807  0
2105  884.961  0
2106  885.115  0
2107  885.268  0
2108  885.422  0
2109  885.576  0
2110  885.729  1.90577e-43
2111  885.883  5.60519e-44
2112  886.036  2.48876e-38
2113  886.19  0
2114  886.343  1.4013e-45
2115  886.497  0
2116  886.651  1.4013e-43
2117  886.804  0
2118  886.958  1.4013e-45
2119  887.111  0
2120  887.265  0
2121  887.418  1.13505e-43
2122  887.572  2.48886e-38
2123  887.725  2.48893e-38
2124  887.879  5.60519e-45
2125  888.032  0
2126  888.186  1.4013e-45
2127  888.339  0
2128  888.493  1.4013e-45
2129  888.646  0
2130  888.799  0
2131  888.953  5.74532e-44
2132  889.106  2.4793e-38
2133  889.26  2.48886e-38
2134  889.413  4.2039e-45
2135  889.566  0
2136  889.72  2.48885e-38
2137  889.873  0
2138  890.026  1.4013e-45
2139  890.18  0
2140  890.333  2.48534e-41
2141  890.486  6.72623e-44
2142  890.64  2.48887e-38
2143  890.793  7.77816e+31
2144  890.946  4.93963e+30
2145  891.1  7.57823e+31
2146  891.253  7.71795e+28
2147  891.406  8.80508e+23
2148  891.559  1.99388e-19
2149  891.713  2.72614e+20
2150  891.866  7.77816e+31
2151  892.019  7.14393e+31
2152  892.172  2.47959e-38
2153  892.326  5.74532e-44
2154  892.479  2.47937e-38
2155  892.632  2.48889e-38
2156  892.785  1.12104e-44
2157  892.938  0
2158  893.092  2.48887e-38
2159  893.245  0
2160  893.398  1.4013e-45
2161  893.551  0
2162  893.704  2.49767e-41
2163  893.857  6.72623e-44
2164  894.01  2.65865e-38
2165  894.164  1.12104e-44
2166  894.317  -1.42662e+29
2167  894.47  -1.87878e+09
2168  894.623  -2.57725e+38
2169  894.776  -8.36947e+06
2170  894.929  1.5407e-33
2171  895.082  -1.10658e+20
2172  895.235  -5.33348e-20
2173  895.388  1.67693e-41
2174  895.541  1.12104e-44
2175  895.694  2.81661e-43
2176  895.847  2.47937e-38
2177  896  2.65852e-38
2178  896.153  8.40779e-45
2179  896.306  0
2180  896.459  5.61655e+27
2181  896.612  0
2182  896.765  1.4013e-45
2183  896.918  0
2184  897.071  5.60519e-44
2185  897.224  5.60519e-44
2186  897.377  2.48893e-38
2187  897.529  0
2188  897.682  1.4013e-45
2189  897.835  0
2190  897.988  0
2191  898.141  0
2192  898.294  1.4013e-45
2193  898.447  0
2194  898.6  1.12104e-43
2195  898.752  5.60519e-44
2196  898.905  2.48881e-38
2197  899.058  0
2198  899.211  4.2039e-45
2199  899.364  0
2200  899.516  2.52713e-38
2201  899.669  0
2202  899.822  1.4013e-45
2203  899.975  0
2204  900.128  1.68156e-43
2205  900.28  5.60519e-44
2206  900.433  2.65863e-38
2207  900.586  0
2208  900.738  4.2039e-45
2209  900.891  0
2210  901.044  2.52712e-38
2211  901.196  0
2212  901.349  1.4013e-45
2213  901.502  0
2214  901.654  0
2215  901.807  5.74532e-44
2216  901.96  2.48886e-38
2217  902.112  2.48869e-38
2218  902.265  4.2039e-45
2219  902.418  0
2220  902.57  2.48894e-38
2221  902.723  0
2222  902.875  1.4013e-45
2223  903.028  0
2224  903.181  3.29249e-41
2225  903.333  8.96831e-44
2226  903.486  2.65873e-38
2227  903.638  2.67997e+20
2228  903.791  2.07071e+23
2229  903.943  1.93658e+31
2230  904.096  3.07347e+32
2231  904.248  3.0881e+29
2232  904.401  4.51967e+30
2233  904.553  2.07739e-10
2234  904.706  1.80921e+25
2235  904.858  4.54226e+30
2236  905.011  43.35
2237  905.163  935623
2238  905.315  1.78604e+25
2239  905.468  7.73841e+31
2240  905.62  1.42932e-43
2241  905.773  9.99126e-43
2242  905.925  2.63273e-38
2243  906.078  2.52211e-38
2244  906.23  0
2245  906.382  0
2246  906.535  1.4013e-43
2247  906.687  0
2248  906.839  1.4013e-45
2249  906.992  0
2250  907.144  5.60519e-44
2251  907.296  5.60519e-44
2252  907.449  2.48892e-38
2253  907.601  0
2254  907.753  4.2039e-45
2255  907.906  0
2256  908.058  2.52705e-38
2257  908.21  0
2258  908.362  1.4013e-45
2259  908.515  0
2260  908.667  1.12104e-43
2261  908.819  5.60519e-44
2262  908.971  2.48918e-38
2263  909.123  0
2264  909.276  1.4013e-45
2265  909.428  0
2266  909.58  1.12104e-43
2267  909.732  0
2268  909.884  1.4013e-45
2269  910.036  0
2270  910.189  0
2271  910.341  3.60134e-43
2272  910.493  2.4891e-38
2273  910.645  5.87447e+32
2274  910.797  4.2039e-45
2275  910.949  2.48919e-38
2276  911.101  9.80909e-45
2277  911.253  2.48918e-38
2278  911.405  1.12104e-44
2279  911.557  2.48898e-38
2280  911.709  1.26117e-44
2281  911.861  2.48903e-38
2282  912.013  1.96182e-44
2283  912.165  2.48913e-38
2284  912.317  2.94273e-44
2285  912.47  2.48915e-38
2286  912.621  3.08286e-44
2287  912.773  2.48912e-38
2288  912.925  3.50325e-44
2289  913.077  2.48904e-38
2290  913.229  4.62428e-44
2291  913.381  2.48911e-38
2292  913.533  4.76441e-44
2293  913.685  2.48908e-38
2294  913.837  5.04467e-44
2295  913.989  2.48906e-38
2296  914.141  0
2297  914.293  0
2298  914.445  0
2299  914.596  0
2300  914.748  0
2301  914.9  0
2302  915.052  0
2303  915.204  0
2304  915.356  1.90577e-43
2305  915.507  5.60519e-44
2306  915.659  2.48898e-38
2307  915.811  0
2308  915.963  1.4013e-45
2309  916.115  0
2310  916.266  1.4013e-43
2311  916.418  0
2312  916.57  1.4013e-45
2313  916.722  0
2314  916.873  0
2315  917.025  1.13505e-43
2316  917.177  2.48908e-38
2317  917.328  2.48915e-38
2318  917.48  5.60519e-45
2319  917.632  0
2320  917.784  1.4013e-45
2321  917.935  0
2322  918.087  1.4013e-45
2323  918.238  0
2324  918.39  0
2325  918.542  5.74532e-44
2326  918.693  2.44973e-38
2327  918.845  2.48908e-38
2328  918.997  4.2039e-45
2329  919.148  0
2330  919.3  2.48907e-38
2331  919.451  0
2332  919.603  1.4013e-45
2333  919.754  0
2334  919.906  5.26888e-43
2335  920.057  6.72623e-44
2336  920.209  2.48909e-38
2337  920.36  7.77816e+31
2338  920.512  4.93963e+30
2339  920.663  7.57823e+31
2340  920.815  7.71795e+28
2341  920.966  8.80508e+23
2342  921.118  1.99388e-19
2343  921.269  2.72614e+20
2344  921.421  7.77816e+31
2345  921.572  7.14393e+31
2346  921.724  1.54143e-43
2347  921.875  5.74532e-44
2348  922.026  2.63254e-38
2349  922.178  2.4891e-38
2350  922.329  1.12104e-44
2351  922.481  0
2352  922.632  2.48909e-38
2353  922.783  0
2354  922.935  1.4013e-45
2355  923.086  0
2356  923.237  6.50202e-43
2357  923.389  6.72623e-44
2358  923.54  2.52215e-38
2359  923.691  1.12104e-44
2360  923.843  -1.42662e+29
2361  923.994  -1.87878e+09
2362  924.145  -2.57725e+38
2363  924.296  -8.36947e+06
2364  924.448  1.5407e-33
2365  924.599  -1.10658e+20
2366  924.75  -5.33348e-20
2367  924.901  1.67693e-41
2368  925.053  2.48699e-38
2369  925.204  2.81661e-43
2370  925.355  2.63254e-38
2371  925.506  2.52211e-38
2372  925.657  8.40779e-45
2373  925.808  0
2374  925.96  5.61655e+27
2375  926.111  0
2376  926.262  1.4013e-45
2377  926.413  0
2378  926.564  5.60519e-44
2379  926.715  5.60519e-44
2380  926.866  2.48915e-38
2381  927.017  0
2382  927.168  1.4013e-45
2383  927.32  0
2384  927.471  0
2385  927.622  0
2386  927.773  1.4013e-45
2387  927.924  0
2388  928.075  1.12104e-43
2389  928.226  5.60519e-44
2390  928.377  2.48903e-38
2391  928.528  0
2392  928.679  4.2039e-45
2393  928.83  0
2394  928.981  2.5271e-38
2395  929.132  0
2396  929.283  1.4013e-45
2397  929.434  0
2398  929.584  1.68156e-43
2399  929.735  5.60519e-44
2400  929.886  2.52213e-38
2401  930.037  0
2402  930.188  4.2039e-45
2403  930.339  0
2404  930.49  2.52711e-38
2405  930.641  0
2406  930.791  1.4013e-45
2407  930.942  0
2408  931.093  0
2409  931.244  5.74532e-44
2410  931.395  2.48908e-38
2411  931.546  2.48896e-38
2412  931.696  4.2039e-45
2413  931.847  0
2414  931.998  2.48916e-38
2415  932.149  0
2416  932.299  1.4013e-45
2417  932.45  0
2418  932.601  3.40123e-41
2419  932.752  8.96831e-44
2420  932.902  2.52222e-38
2421  933.053  2.67997e+20
2422  933.204  2.07071e+23
2423  933.354  1.93658e+31
2424  933.505  3.07347e+32
2425  933.656  3.0881e+29
2426  933.807  4.51967e+30
2427  933.957  2.07739e-10
2428  934.108  1.80921e+25
2429  934.258  4.54226e+30
2430  934.409  710247
2431  934.56  1.78604e+25
2432  934.71  7.73841e+31
2433  934.861  1.42932e-43
2434  935.011  1.12104e-44
2435  935.162  5.04033e-41
2436  935.312  2.47339e-38
2437  935.463  2.47466e-38
2438  935.614  0
2439  935.764  0
2440  935.915  1.4013e-43
2441  936.065  0
2442  936.216  1.4013e-45
2443  936.366  0
2444  936.517  5.60519e-44
2445  936.667  5.60519e-44
2446  936.818  2.48914e-38
2447  936.968  0
2448  937.119  4.2039e-45
2449  937.269  0
2450  937.419  2.52711e-38
2451  937.57  0
2452  937.72  1.4013e-45
2453  937.871  0
2454  938.021  0
2455  938.171  4.16186e-43
2456  938.322  2.4893e-38
2457  938.472  2.48932e-38
2458  938.622  1.4013e-45
2459  938.773  0
2460  938.923  1.12104e-43
2461  939.073  0
2462  939.224  1.4013e-45
2463  939.374  0
2464  939.524  0
2465  939.675  3.60134e-43
2466  939.825  2.48932e-38
2467  939.975  5.87447e+32
2468  940.125  4.2039e-45
2469  940.276  2.48941e-38
2470  940.426  9.80909e-45
2471  940.576  2.4894e-38
2472  940.726  1.12104e-44
2473  940.876  2.4892e-38
2474  941.027  1.26117e-44
2475  941.177  2.48925e-38
2476  941.327  1.96182e-44
2477  941.477  2.48935e-38
2478  941.627  2.94273e-44
2479  941.777  2.48937e-38
2480  941.928  3.08286e-44
2481  942.078  2.48933e-38
2482  942.228  3.50325e-44
2483  942.378  2.48926e-38
2484  942.528  4.62428e-44
2485  942.678  2.48932e-38
2486  942.828  4.76441e-44
2487  942.978  2.4893e-38
2488  943.128  5.04467e-44
2489  943.278  2.48927e-38
2490  943.428  0
2491  943.578  0
2492  943.729  0
2493  943.878  0
2494  944.028  0
2495  944.178  0
2496  944.328  0
2497  944.478  0
2498  944.628  1.90577e-43
2499  944.778  5.60519e-44
2500  944.928  2.4892e-38
2501  945.078  0
2502  945.228  1.4013e-45
2503  945.378  0
2504  945.528  1.4013e-43
2505  945.678  0
2506  945.828  1.4013e-45
2507  945.978  0
2508  946.127  0
2509  946.277  1.13505e-43
2510  946.427  2.4893e-38
2511  946.577  2.48937e-38
2512  946.727  5.60519e-45
2513  946.877  0
2514  947.026  1.4013e-45
2515  947.176  0
2516  947.326  1.4013e-45
2517  947.476  0
2518  947.625  0
2519  947.775  5.74532e-44
2520  947.925  2.4352e-38
2521  948.075  2.4893e-38
2522  948.224  4.2039e-45
2523  948.374  0
2524  948.524  2.48928e-38
2525  948.674  0
2526  948.823  1.4013e-45
2527  948.973  0
2528  949.123  5.26888e-43
2529  949.272  6.72623e-44
2530  949.422  2.48931e-38
2531  949.571  7.77816e+31
2532  949.721  4.93963e+30
2533  949.871  7.57823e+31
2534  950.02  7.71795e+28
2535  950.17  8.80508e+23
2536  950.319  1.99388e-19
2537  950.469  2.72614e+20
2538  950.619  7.77816e+31
2539  950.768  7.14393e+31
2540  950.918  1.54143e-43
2541  951.067  5.74532e-44
2542  951.217  2.44686e-38
2543  951.366  2.48932e-38
2544  951.516  1.12104e-44
2545  951.665  0
2546  951.815  2.48931e-38
2547  951.964  0
2548  952.114  1.4013e-45
2549  952.263  0
2550  952.413  6.50202e-43
2551  952.562  6.72623e-44
2552  952.711  2.48379e-38
2553  952.861  1.12104e-44
2554  953.01  -1.42662e+29
2555  953.16  -1.87878e+09
2556  953.309  -2.57725e+38
2557  953.458  -8.36947e+06
2558  953.608  1.5407e-33
2559  953.757  -1.10658e+20
2560  953.906  -5.33348e-20
2561  954.056  1.67693e-41
2562  954.205  1.12104e-44
2563  954.354  2.81661e-43
2564  954.504  2.44686e-38
2565  954.653  2.4838e-38
2566  954.802  8.40779e-45
2567  954.952  0
2568  955.101  5.61655e+27
2569  955.25  0
2570  955.399  1.4013e-45
2571  955.549  0
2572  955.698  5.60519e-44
2573  955.847  5.60519e-44
2574  955.996  2.48937e-38
2575  956.146  0
2576  956.295  1.4013e-45
2577  956.444  0
2578  956.593  0
2579  956.742  0
2580  956.891  1.4013e-45
2581  957.041  0
2582  957.19  1.12104e-43
2583  957.339  5.60519e-44
2584  957.488  2.48925e-38
2585  957.637  0
2586  957.786  4.2039e-45
2587  957.935  0
2588  958.084  2.52706e-38
2589  958.233  0
2590  958.382  1.4013e-45
2591  958.531  0
2592  958.68  1.68156e-43
2593  958.829  5.60519e-44
2594  958.978  2.48371e-38
2595  959.127  0
2596  959.276  4.2039e-45
2597  959.425  0
2598  959.574  2.52705e-38
2599  959.723  0
2600  959.872  1.4013e-45
2601  960.021  0
2602  960.17  0
2603  960.319  5.74532e-44
2604  960.468  2.4893e-38
2605  960.617  2.4892e-38
2606  960.766  4.2039e-45
2607  960.915  0
2608  961.063  2.48938e-38
2609  961.212  0
2610  961.361  1.4013e-45
2611  961.51  0
2612  961.659  9.97725e-43
2613  961.808  8.96831e-44
2614  961.956  2.48386e-38
2615  962.105  2.67997e+20
2616  962.254  2.07071e+23
2617  962.403  1.93658e+31
2618  962.552  3.07347e+32
2619  962.7  3.0881e+29
2620  962.849  4.51967e+30
2621  962.998  2.07739e-10
2622  963.146  1.80921e+25
2623  963.295  4.54226e+30
2624  963.444  1.86187e+11
2625  963.593  1.1867e+27
2626  963.741  5.52844e+31
2627  963.89  3.67533e-41
2628  964.039  2.51446e-38
2629  964.187  4.4899e-41
2630  964.336  2.48236e-38
2631  964.485  2.46296e-38
2632  964.633  0
2633  964.782  0
2634  964.93  0
2635  965.079  0
2636  965.228  1.4013e-45
2637  965.376  0
2638  965.525  5.60519e-44
2639  965.673  5.60519e-44
2640  965.822  2.48935e-38
2641  965.97  0
2642  966.119  4.2039e-45
2643  966.268  0
2644  966.416  2.52697e-38
2645  966.564  0
2646  966.713  1.4013e-45
2647  966.861  0
2648  967.01  1.12104e-43
2649  967.158  5.60519e-44
2650  967.307  2.48962e-38
2651  967.455  0
2652  967.604  1.4013e-45
2653  967.752  0
2654  967.9  1.12104e-43
2655  968.049  0
2656  968.197  1.4013e-45
2657  968.346  0
2658  968.494  0
2659  968.642  5.395e-43
2660  968.791  2.48955e-38
2661  968.939  5.87447e+32
2662  969.087  4.2039e-45
2663  969.236  2.48969e-38
2664  969.384  9.80909e-45
2665  969.532  2.48962e-38
2666  969.681  1.12104e-44
2667  969.829  2.48942e-38
2668  969.977  1.26117e-44
2669  970.125  2.48947e-38
2670  970.274  1.82169e-44
2671  970.422  2.48958e-38
2672  970.57  1.96182e-44
2673  970.718  2.48957e-38
2674  970.866  2.94273e-44
2675  971.015  2.48961e-38
2676  971.163  3.08286e-44
2677  971.311  2.48956e-38
2678  971.459  3.50325e-44
2679  971.607  2.48948e-38
2680  971.755  4.62428e-44
2681  971.904  2.48955e-38
2682  972.052  4.76441e-44
2683  972.2  2.48953e-38
2684  972.348  5.04467e-44
2685  972.496  2.48949e-38
2686  972.644  0
2687  972.792  0
2688  972.94  0
2689  973.088  0
2690  973.236  0
2691  973.384  0
2692  973.532  1.90577e-43
2693  973.68  5.60519e-44
2694  973.828  2.48942e-38
2695  973.976  0
2696  974.124  1.4013e-45
2697  974.272  0
2698  974.42  1.4013e-43
2699  974.568  0
2700  974.716  1.4013e-45
2701  974.864  0
2702  975.012  0
2703  975.16  2.92871e-43
2704  975.308  2.43498e-38
2705  975.456  2.48961e-38
2706  975.604  5.60519e-45
2707  975.751  0
2708  975.899  1.4013e-45
2709  976.047  0
2710  976.195  1.4013e-45
2711  976.343  0
2712  976.491  0
2713  976.638  2.36819e-43
2714  976.786  2.43498e-38
2715  976.934  2.48955e-38
2716  977.082  4.2039e-45
2717  977.229  0
2718  977.377  2.4895e-38
2719  977.525  0
2720  977.673  1.4013e-45
2721  977.82  0
2722  977.968  0
2723  978.116  1.24716e-43
2724  978.263  5.8745e+32
2725  978.411  5.8745e+32
2726  978.559  5.19744e+07
2727  978.707  7.57821e+31
2728  978.854  7.71795e+28
2729  979.002  2.14968e+20
2730  979.149  1.91752e-19
2731  979.297  2.72614e+20
2732  979.445  7.77816e+31
2733  979.592  4.93963e+30
2734  979.74  7.57823e+31
2735  979.887  7.71795e+28
2736  980.035  8.80508e+23
2737  980.183  1.99388e-19
2738  980.33  2.72614e+20
2739  980.478  7.77816e+31
2740  980.625  1.05795e+21
2741  980.773  7.57823e+31
2742  980.92  7.71795e+28
2743  981.068  9.01641e+26
2744  981.215  1.79366e-43
2745  981.363  5.60519e-44
2746  981.51  2.48955e-38
2747  981.658  0
2748  981.805  1.12104e-44
2749  981.952  0
2750  982.1  2.48954e-38
2751  982.247  0
2752  982.395  1.4013e-45
2753  982.542  0
2754  982.689  7.06254e-43
2755  982.837  6.72623e-44
2756  982.984  2.51627e-38
2757  983.132  1.12104e-44
2758  983.279  -nan
2759  983.426  -8.07044e+18
2760  983.574  -nan
2761  983.721  -6.63098e+35
2762  983.868  1.5407e-33
2763  984.015  -1.47574e+20
2764  984.163  -3.37447e+38
2765  984.31  3.98179e-41
2766  984.457  1.12104e-44
2767  984.604  1.31736e-41
2768  984.752  2.4828e-38
2769  984.899  2.45451e-38
2770  985.046  0
2771  985.193  0
2772  985.341  5.55781e+27
2773  985.488  0
2774  985.635  1.4013e-45
2775  985.782  0
2776  985.929  5.60519e-44
2777  986.076  5.60519e-44
2778  986.224  2.48961e-38
2779  986.371  0
2780  986.518  1.4013e-45
2781  986.665  0
2782  986.812  0
2783  986.959  0
2784  987.106  1.4013e-45
2785  987.253  0
2786  987.4  1.12104e-43
2787  987.547  5.60519e-44
2788  987.694  2.48958e-38
2789  987.841  0
2790  987.988  4.2039e-45
2791  988.135  0
2792  988.282  2.52703e-38
2793  988.429  0
2794  988.576  1.4013e-45
2795  988.723  0
2796  988.87  1.68156e-43
2797  989.017  5.60519e-44
2798  989.164  2.48947e-38
2799  989.311  0
2800  989.458  1.4013e-45
2801  989.605  0
2802  989.752  1.4013e-43
2803  989.898  0
2804  990.045  1.4013e-45
2805  990.192  0
2806  990.339  2.24208e-43
2807  990.486  5.60519e-44
2808  990.633  2.51624e-38
2809  990.78  0
2810  990.926  4.2039e-45
2811  991.073  0
2812  991.22  2.52703e-38
2813  991.367  0
2814  991.513  1.4013e-45
2815  991.66  0
2816  991.807  0
2817  991.954  9.95623e-42
2818  992.1  2.50275e-38
2819  992.247  5.87447e+32
2820  992.394  0
2821  992.541  0
2822  992.687  2.70769e-38
2823  992.834  0
2824  992.98  1.4013e-45
2825  993.127  0
2826  993.274  5.60519e-44
2827  993.42  5.60519e-44
2828  993.567  2.50494e-38
2829  993.714  0
2830  993.86  1.4013e-45
2831  994.007  0
2832  994.153  0
2833  994.3  0
2834  994.446  1.4013e-45
2835  994.593  0
2836  994.74  1.12104e-43
2837  994.886  5.60519e-44
2838  995.033  2.48968e-38
2839  995.179  0
2840  995.326  4.2039e-45
2841  995.472  0
2842  995.619  2.52693e-38
2843  995.765  0
2844  995.911  1.4013e-45
2845  996.058  0
2846  996.204  0
2847  996.351  2.25609e-43
2848  996.497  2.48969e-38
2849  996.643  5.87447e+32
2850  996.79  4.2039e-45
2851  996.936  0
2852  997.083  2.52704e-38
2853  997.229  0
2854  997.375  1.4013e-45
2855  997.522  0
2856  997.668  0
2857  997.814  1.69557e-43
2858  997.961  2.48969e-38
2859  998.107  5.87447e+32
2860  998.253  4.2039e-45
2861  998.399  0
2862  998.546  2.52704e-38
2863  998.692  0
2864  998.838  1.4013e-45
2865  998.984  0
2866  999.131  0
2867  999.277  1.13505e-43
2868  999.423  2.48969e-38
2869  999.569  5.87447e+32
2870  999.715  4.2039e-45
2871  999.861  0
2872  1000.01  2.52699e-38
2873  1000.15  0
2874  1000.3  1.4013e-45
2875  1000.45  0
2876  1000.59  0
2877  1000.74  5.74532e-44
2878  1000.88  2.48969e-38
2879  1001.03  5.87447e+32
2880  1001.18  4.2039e-45
2881  1001.32  0
2882  1001.47  2.52693e-38
2883  1001.61  0
2884  1001.76  1.4013e-45
2885  1001.91  0
2886  1002.05  3.92364e-43
2887  1002.2  5.60519e-44
2888  1002.34  2.48959e-38
2889  1002.49  0
2890  1002.64  4.2039e-45
2891  1002.78  0
2892  1002.93  2.52705e-38
2893  1003.07  0
2894  1003.22  1.4013e-45
2895  1003.37  0
2896  1003.51  0
2897  1003.66  9.50781e-42
2898  1003.8  2.50275e-38
2899  1003.95  5.87447e+32
2900  1004.1  0
2901  1004.24  0
2902  1004.39  2.52697e-38
2903  1004.53  0
2904  1004.68  1.4013e-45
2905  1004.82  0
2906  1004.97  0
2907  1005.12  9.45176e-42
2908  1005.26  2.50275e-38
2909  1005.41  5.87447e+32
2910  1005.55  0
2911  1005.7  0
2912  1005.84  2.52696e-38
2913  1005.99  0
2914  1006.14  1.4013e-45
2915  1006.28  0
2916  1006.43  0
2917  1006.57  9.39571e-42
2918  1006.72  2.50275e-38
2919  1006.86  5.87447e+32
2920  1007.01  0
2921  1007.16  0
2922  1007.3  2.52691e-38
2923  1007.45  0
2924  1007.59  1.4013e-45
2925  1007.74  0
2926  1007.88  0
2927  1008.03  9.33965e-42
2928  1008.18  2.50275e-38
2929  1008.32  5.87447e+32
2930  1008.47  0
2931  1008.61  0
2932  1008.76  2.52694e-38
2933  1008.9  0
2934  1009.05  1.4013e-45
2935  1009.19  0
2936  1009.34  0
2937  1009.48  9.2836e-42
2938  1009.63  2.50275e-38
2939  1009.78  5.87447e+32
2940  1009.92  0
2941  1010.07  0
2942  1010.21  2.52695e-38
2943  1010.36  0
2944  1010.5  1.4013e-45
2945  1010.65  0
2946  1010.79  0
2947  1010.94  9.22755e-42
2948  1011.08  2.50275e-38
2949  1011.23  5.87447e+32
2950  1011.37  0
2951  1011.52  0
2952  1011.67  2.52692e-38
2953  1011.81  0
2954  1011.96  1.4013e-45
2955  1012.1  0
2956  1012.25  0
2957  1012.39  9.1715e-42
2958  1012.54  2.50275e-38
2959  1012.68  5.87447e+32
2960  1012.83  0
2961  1012.97  0
2962  1013.12  2.52696e-38
2963  1013.26  0
2964  1013.41  1.4013e-45
2965  1013.55  0
2966  1013.7  0
2967  1013.84  9.11545e-42
2968  1013.99  2.4838e-38
2969  1014.13  2.49887e-38
2970  1014.28  0
2971  1014.42  0
2972  1014.57  4.17671e-41
2973  1014.71  6.40393e-43
2974  1014.86  2.48532e-38
2975  1015  2.48862e-38
2976  1015.15  2.24208e-44
2977  1015.29  2.24208e-44
2978  1015.44  2.48859e-38
2979  1015.58  1.4013e-45
2980  1015.73  2.4886e-38
2981  1015.87  2.38221e-44
2982  1016.02  2.48983e-38
2983  1016.16  2.4886e-38
2984  1016.31  6.72623e-44
2985  1016.45  3.36312e-44
2986  1016.6  2.48862e-38
2987  1016.74  0
2988  1016.89  1.5078e-42
2989  1017.03  3.08286e-44
2990  1017.18  2.48863e-38
2991  1017.32  5.395e-43
2992  1017.47  2.48532e-38
2993  1017.61  5.87447e+32
2994  1017.76  2.24208e-44
2995  1017.9  2.24208e-44
2996  1018.05  2.48983e-38
2997  1018.19  5.87447e+32
2998  1018.34  4.48416e-44
2999  1018.48  3.36312e-44
3000  1018.63  2.48979e-38
3001  1018.77  0
3002  1018.92  1.4013e-45
3003  1019.06  3.08286e-44
3004  1019.21  2.48864e-38
3005  1019.35  4.61027e-43
3006  1019.5  2.48532e-38
3007  1019.64  5.87447e+32
3008  1019.78  2.48864e-38
3009  1019.93  0
3010  1020.07  3.36312e-44
3011  1020.22  3.36312e-44
3012  1020.36  2.48981e-38
3013  1020.51  4.84185e+30
3014  1020.65  7.21308e+22
3015  1020.8  6.13172e+28
3016  1020.94  4.17671e-41
3017  1021.09  3.93765e-43
3018  1021.23  2.48532e-38
3019  1021.38  5.87447e+32
3020  1021.52  2.24208e-44
3021  1021.66  2.24208e-44
3022  1021.81  2.48979e-38
3023  1021.95  1.4013e-45
3024  1022.1  2.4898e-38
3025  1022.24  2.38221e-44
3026  1022.39  2.48988e-38
3027  1022.53  2.4898e-38
3028  1022.68  6.72623e-44
3029  1022.82  3.36312e-44
3030  1022.97  2.48982e-38
3031  1023.11  0
3032  1023.25  1.5078e-42
3033  1023.4  3.08286e-44
3034  1023.54  2.48865e-38
3035  1023.69  2.92871e-43
3036  1023.83  2.48532e-38
3037  1023.98  5.87447e+32
3038  1024.12  2.24208e-44
3039  1024.27  2.24208e-44
3040  1024.41  2.48988e-38
3041  1024.55  1.62811e+32
3042  1024.7  4.48416e-44
3043  1024.84  3.36312e-44
3044  1024.99  2.48984e-38
3045  1025.13  0
3046  1025.28  1.4013e-45
3047  1025.42  3.08286e-44
3048  1025.56  2.48865e-38
3049  1025.71  2.14399e-43
3050  1025.85  2.48532e-38
3051  1026  5.87447e+32
3052  1026.14  2.48866e-38
3053  1026.28  0
3054  1026.43  3.36312e-44
3055  1026.57  3.36312e-44
3056  1026.72  2.48986e-38
3057  1026.86  4.84185e+30
3058  1027.01  7.21308e+22
3059  1027.15  6.13172e+28
3060  1027.29  4.17671e-41
3061  1027.44  1.47136e-43
3062  1027.58  2.48532e-38
3063  1027.73  5.87447e+32
3064  1027.87  2.24208e-44
3065  1028.01  2.24208e-44
3066  1028.16  2.48984e-38
3067  1028.3  1.4013e-45
3068  1028.45  2.48985e-38
3069  1028.59  2.38221e-44
3070  1028.73  2.48534e-38
3071  1028.88  2.48985e-38
3072  1029.02  6.72623e-44
3073  1029.17  3.36312e-44
3074  1029.31  2.48987e-38
3075  1029.45  0
3076  1029.6  1.5078e-42
3077  1029.74  3.08286e-44
3078  1029.89  2.48866e-38
3079  1030.03  4.62428e-44
3080  1030.17  2.43593e-38
3081  1030.32  2.48985e-38
3082  1030.46  2.24208e-44
3083  1030.61  2.24208e-44
3084  1030.75  2.48534e-38
3085  1030.89  1.62771e+32
3086  1031.04  6.72623e-43
3087  1031.18  4.48416e-44
3088  1031.33  2.51927e-38
3089  1031.47  7.77816e+31
3090  1031.61  5.19744e+07
3091  1031.76  7.57821e+31
3092  1031.9  7.71795e+28
3093  1032.04  9.01641e+26
3094  1032.19  1.01437e-38
3095  1032.33  1.80768e-43
3096  1032.48  2.48996e-38
3097  1032.62  2.47723e-38
3098  1032.76  2.48353e-38
3099  1032.91  0
3100  1033.05  0
3101  1033.19  1.47136e-43
3102  1033.34  2.48996e-38
3103  1033.48  5.87447e+32
3104  1033.62  2.24208e-44
3105  1033.77  2.24208e-44
3106  1033.91  2.47724e-38
3107  1034.06  1.4013e-45
3108  1034.2  2.47725e-38
3109  1034.34  6.86636e-44
3110  1034.49  2.48997e-38
3111  1034.63  5.87447e+32
3112  1034.77  0
3113  1034.92  4.62428e-44
3114  1035.06  2.48997e-38
3115  1035.2  5.87447e+32
3116  1035.35  2.24208e-44
3117  1035.49  2.24208e-44
3118  1035.63  2.48993e-38
3119  1035.78  6.8893e+11
3120  1035.92  1.12104e-43
3121  1036.07  3.36312e-44
3122  1036.21  2.48992e-38
3123  1036.35  0
3124  1036.5  1.4013e-45
3125  1036.64  3.08286e-44
3126  1036.78  8.96831e-43
3127  1036.93  4.48416e-44
3128  1037.07  2.47722e-38
3129  1037.21  656709
3130  1037.36  4.84185e+30
3131  1037.5  7.21308e+22
3132  1037.64  6.13172e+28
3133  1037.79  4.17671e-41
3134  1037.93  0
3135  1038.07  8.11772e-42
3136  1038.22  2.49273e-38
3137  1038.36  5.87447e+32
3138  1038.5  0
3139  1038.65  0
3140  1038.79  0
3141  1038.93  1.24716e-43
3142  1039.08  2.49e-38
3143  1039.22  5.87447e+32
3144  1039.36  2.48995e-38
3145  1039.5  6.86636e-44
3146  1039.65  2.49001e-38
3147  1039.79  2.48994e-38
3148  1039.93  0
3149  1040.08  4.62428e-44
3150  1040.22  2.49001e-38
3151  1040.36  5.87447e+32
3152  1040.51  2.24208e-44
3153  1040.65  2.24208e-44
3154  1040.79  2.48997e-38
3155  1040.94  2.07055e-19
3156  1041.08  8.96831e-44
3157  1041.22  3.36312e-44
3158  1041.37  2.48996e-38
3159  1041.51  0
3160  1041.65  1.4013e-45
3161  1041.79  3.08286e-44
3162  1041.94  1.56945e-43
3163  1042.08  4.48416e-44
3164  1042.22  2.48995e-38
3165  1042.37  656709
3166  1042.51  4.84185e+30
3167  1042.65  7.21308e+22
3168  1042.8  6.13172e+28
3169  1042.94  4.17671e-41
3170  1043.08  0
3171  1043.22  7.91594e-42
3172  1043.37  2.49273e-38
3173  1043.51  5.87447e+32
3174  1043.65  0
3175  1043.8  0
3176  1043.94  0
3177  1044.08  1.13505e-43
3178  1044.22  2.49004e-38
3179  1044.37  5.87447e+32
3180  1044.51  2.48999e-38
3181  1044.65  2.38221e-44
3182  1044.79  2.49005e-38
3183  1044.94  2.48998e-38
3184  1045.08  4.48416e-44
3185  1045.22  3.36312e-44
3186  1045.37  2.49002e-38
3187  1045.51  0
3188  1045.65  1.4013e-45
3189  1045.79  3.08286e-44
3190  1045.94  7.84727e-44
3191  1046.08  3.36312e-44
3192  1046.22  2.49e-38
3193  1046.36  1.12856e+27
3194  1046.51  7.03364e+22
3195  1046.65  0
3196  1046.79  1.45735e-43
3197  1046.94  4.48416e-44
3198  1047.08  2.48999e-38
3199  1047.22  656709
3200  1047.36  4.84185e+30
3201  1047.51  7.21308e+22
3202  1047.65  6.13172e+28
3203  1047.79  4.17671e-41
3204  1047.93  0
3205  1048.08  7.72536e-42
3206  1048.22  2.49273e-38
3207  1048.36  5.87447e+32
3208  1048.5  0
3209  1048.65  0
3210  1048.79  0
3211  1048.93  1.47136e-43
3212  1049.07  2.49008e-38
3213  1049.22  5.87447e+32
3214  1049.36  2.24208e-44
3215  1049.5  2.24208e-44
3216  1049.64  2.49001e-38
3217  1049.79  1.4013e-45
3218  1049.93  2.49002e-38
3219  1050.07  6.86636e-44
3220  1050.21  2.49009e-38
3221  1050.35  5.87447e+32
3222  1050.5  0
3223  1050.64  4.62428e-44
3224  1050.78  2.49009e-38
3225  1050.92  5.87447e+32
3226  1051.07  2.24208e-44
3227  1051.21  2.24208e-44
3228  1051.35  2.49006e-38
3229  1051.49  6.83111e+22
3230  1051.64  1.12104e-43
3231  1051.78  3.36312e-44
3232  1051.92  2.49004e-38
3233  1052.06  0
3234  1052.2  1.4013e-45
3235  1052.35  3.08286e-44
3236  1052.49  1.79366e-43
3237  1052.63  4.48416e-44
3238  1052.77  2.49003e-38
3239  1052.91  656709
3240  1053.06  4.84185e+30
3241  1053.2  7.21308e+22
3242  1053.34  6.13172e+28
3243  1053.48  4.17671e-41
3244  1053.63  0
3245  1053.77  7.50115e-42
3246  1053.91  2.49273e-38
3247  1054.05  5.87447e+32
3248  1054.19  0
3249  1054.34  0
3250  1054.48  0
3251  1054.62  1.24716e-43
3252  1054.76  2.49013e-38
3253  1054.9  5.87447e+32
3254  1055.05  2.49007e-38
3255  1055.19  6.86636e-44
3256  1055.33  2.49013e-38
3257  1055.47  2.49006e-38
3258  1055.61  0
3259  1055.76  4.62428e-44
3260  1055.9  2.49013e-38
3261  1056.04  5.87447e+32
3262  1056.18  2.24208e-44
3263  1056.32  2.24208e-44
3264  1056.46  2.4901e-38
3265  1056.61  3.63791e-41
3266  1056.75  8.96831e-44
3267  1056.89  3.36312e-44
3268  1057.03  2.49008e-38
3269  1057.17  0
3270  1057.32  1.4013e-45
3271  1057.46  3.08286e-44
3272  1057.6  1.56945e-43
3273  1057.74  4.48416e-44
3274  1057.88  2.49008e-38
3275  1058.02  656709
3276  1058.17  4.84185e+30
3277  1058.31  7.21308e+22
3278  1058.45  6.13172e+28
3279  1058.59  4.17671e-41
3280  1058.73  0
3281  1058.87  7.29936e-42
3282  1059.02  2.49273e-38
3283  1059.16  5.87447e+32
3284  1059.3  0
3285  1059.44  0
3286  1059.58  0
3287  1059.72  1.24716e-43
3288  1059.87  2.49017e-38
3289  1060.01  5.87447e+32
3290  1060.15  2.49011e-38
3291  1060.29  6.86636e-44
3292  1060.43  2.49017e-38
3293  1060.57  2.4901e-38
3294  1060.71  0
3295  1060.86  4.62428e-44
3296  1061  2.49017e-38
3297  1061.14  5.87447e+32
3298  1061.28  2.24208e-44
3299  1061.42  2.24208e-44
3300  1061.56  2.49014e-38
3301  1061.7  1.16273e+27
3302  1061.85  8.96831e-44
3303  1061.99  3.36312e-44
3304  1062.13  2.49013e-38
3305  1062.27  0
3306  1062.41  1.4013e-45
3307  1062.55  3.08286e-44
3308  1062.69  1.56945e-43
3309  1062.84  4.48416e-44
3310  1062.98  2.49012e-38
3311  1063.12  656709
3312  1063.26  4.84185e+30
3313  1063.4  7.21308e+22
3314  1063.54  6.13172e+28
3315  1063.68  4.17671e-41
3316  1063.83  0
3317  1063.97  7.09758e-42
3318  1064.11  2.49273e-38
3319  1064.25  5.87447e+32
3320  1064.39  0
3321  1064.53  0
3322  1064.67  0
3323  1064.81  1.24716e-43
3324  1064.95  2.49021e-38
3325  1065.1  5.87447e+32
3326  1065.24  2.49015e-38
3327  1065.38  6.86636e-44
3328  1065.52  2.49021e-38
3329  1065.66  2.49014e-38
3330  1065.8  0
3331  1065.94  4.62428e-44
3332  1066.08  2.49021e-38
3333  1066.22  5.87447e+32
3334  1066.37  2.24208e-44
3335  1066.51  2.24208e-44
3336  1066.65  2.49018e-38
3337  1066.79  1.41531e-43
3338  1066.93  8.96831e-44
3339  1067.07  3.36312e-44
3340  1067.21  2.49017e-38
3341  1067.35  0
3342  1067.49  1.4013e-45
3343  1067.63  3.08286e-44
3344  1067.78  1.56945e-43
3345  1067.92  4.48416e-44
3346  1068.06  2.49016e-38
3347  1068.2  656709
3348  1068.34  4.84185e+30
3349  1068.48  7.21308e+22
3350  1068.62  6.13172e+28
3351  1068.76  4.17671e-41
3352  1068.9  0
3353  1069.04  6.89579e-42
3354  1069.18  2.49273e-38
3355  1069.33  5.87447e+32
3356  1069.47  0
3357  1069.61  0
3358  1069.75  0
3359  1069.89  1.24716e-43
3360  1070.03  2.49025e-38
3361  1070.17  5.87447e+32
3362  1070.31  2.49019e-38
3363  1070.45  6.86636e-44
3364  1070.59  2.49025e-38
3365  1070.73  2.49018e-38
3366  1070.87  0
3367  1071.01  4.62428e-44
3368  1071.15  2.49025e-38
3369  1071.3  5.87447e+32
3370  1071.44  2.24208e-44
3371  1071.58  2.24208e-44
3372  1071.72  2.49022e-38
3373  1071.86  3.96021e-41
3374  1072  8.96831e-44
3375  1072.14  3.36312e-44
3376  1072.28  2.49021e-38
3377  1072.42  0
3378  1072.56  1.4013e-45
3379  1072.7  3.08286e-44
3380  1072.84  1.56945e-43
3381  1072.98  4.48416e-44
3382  1073.12  2.4902e-38
3383  1073.26  656709
3384  1073.4  4.84185e+30
3385  1073.54  7.21308e+22
3386  1073.68  6.13172e+28
3387  1073.83  4.17671e-41
3388  1073.97  0
3389  1074.11  6.694e-42
3390  1074.25  2.49273e-38
3391  1074.39  5.87447e+32
3392  1074.53  0
3393  1074.67  0
3394  1074.81  0
3395  1074.95  1.24716e-43
3396  1075.09  2.49029e-38
3397  1075.23  5.87447e+32
3398  1075.37  2.49023e-38
3399  1075.51  6.86636e-44
3400  1075.65  2.49029e-38
3401  1075.79  2.49022e-38
3402  1075.93  0
3403  1076.07  4.62428e-44
3404  1076.21  2.49029e-38
3405  1076.35  5.87447e+32
3406  1076.49  2.24208e-44
3407  1076.63  2.24208e-44
3408  1076.77  2.49026e-38
3409  1076.91  2.05318e-19
3410  1077.05  8.96831e-44
3411  1077.19  3.36312e-44
3412  1077.33  2.49025e-38
3413  1077.47  0
3414  1077.61  1.4013e-45
3415  1077.75  3.08286e-44
3416  1077.89  1.56945e-43
3417  1078.03  4.48416e-44
3418  1078.17  2.49024e-38
3419  1078.31  656709
3420  1078.45  4.84185e+30
3421  1078.59  7.21308e+22
3422  1078.73  6.13172e+28
3423  1078.87  4.17671e-41
3424  1079.01  0
3425  1079.15  6.49222e-42
3426  1079.29  2.49273e-38
3427  1079.43  5.87447e+32
3428  1079.57  0
3429  1079.71  0
3430  1079.85  0
3431  1079.99  1.13505e-43
3432  1080.13  2.49032e-38
3433  1080.27  5.87447e+32
3434  1080.41  2.49027e-38
3435  1080.55  2.38221e-44
3436  1080.69  2.49033e-38
3437  1080.83  2.49026e-38
3438  1080.97  4.48416e-44
3439  1081.11  3.36312e-44
3440  1081.25  2.49031e-38
3441  1081.39  0
3442  1081.53  1.4013e-45
3443  1081.67  3.08286e-44
3444  1081.81  7.84727e-44
3445  1081.95  3.36312e-44
3446  1082.09  2.49029e-38
3447  1082.23  3.52733e-09
3448  1082.37  3.33505e+12
3449  1082.51  0
3450  1082.65  1.45735e-43
3451  1082.79  4.48416e-44
3452  1082.93  2.49028e-38
3453  1083.07  656709
3454  1083.21  4.84185e+30
3455  1083.35  7.21308e+22
3456  1083.49  6.13172e+28
3457  1083.63  4.17671e-41
3458  1083.77  0
3459  1083.91  6.30164e-42
3460  1084.05  2.49273e-38
3461  1084.19  5.87447e+32
3462  1084.32  0
3463  1084.46  0
3464  1084.6  0
3465  1084.74  1.47136e-43
3466  1084.88  2.49037e-38
3467  1085.02  5.87447e+32
3468  1085.16  2.24208e-44
3469  1085.3  2.24208e-44
3470  1085.44  2.4903e-38
3471  1085.58  1.4013e-45
3472  1085.72  2.4903e-38
3473  1085.86  6.86636e-44
3474  1086  2.49038e-38
3475  1086.14  5.87447e+32
3476  1086.28  0
3477  1086.42  4.62428e-44
3478  1086.56  2.49038e-38
3479  1086.7  5.87447e+32
3480  1086.83  2.24208e-44
3481  1086.97  2.24208e-44
3482  1087.11  2.49034e-38
3483  1087.25  1.78845e+22
3484  1087.39  1.12104e-43
3485  1087.53  3.36312e-44
3486  1087.67  2.49032e-38
3487  1087.81  0
3488  1087.95  1.4013e-45
3489  1088.09  3.08286e-44
3490  1088.23  1.79366e-43
3491  1088.37  4.48416e-44
3492  1088.51  2.49032e-38
3493  1088.65  656709
3494  1088.78  4.84185e+30
3495  1088.92  7.21308e+22
3496  1089.06  6.13172e+28
3497  1089.2  4.17671e-41
3498  1089.34  0
3499  1089.48  6.07743e-42
3500  1089.62  2.49273e-38
3501  1089.76  5.87447e+32
3502  1089.9  0
3503  1090.04  0
3504  1090.18  0
3505  1090.31  4.62428e-44
3506  1090.45  2.48519e-38
3507  1090.59  2.49033e-38
3508  1090.73  2.49036e-38
3509  1090.87  2.38221e-44
3510  1091.01  2.49042e-38
3511  1091.15  2.49035e-38
3512  1091.29  7.84727e-44
3513  1091.43  4.48416e-44
3514  1091.57  2.49036e-38
3515  1091.7  1.93459e-19
3516  1091.84  2.82308e+15
3517  1091.98  2.05371e-19
3518  1092.12  4.15875e+21
3519  1092.26  1.41531e-43
3520  1092.4  0
3521  1092.54  5.95412e-42
3522  1092.68  2.49273e-38
3523  1092.82  5.87447e+32
3524  1092.95  0
3525  1093.09  0
3526  1093.23  3.36312e-44
3527  1093.37  4.48416e-44
3528  1093.51  2.49039e-38
3529  1093.65  656709
3530  1093.79  4.84185e+30
3531  1093.93  7.21308e+22
3532  1094.06  6.13172e+28
3533  1094.2  4.17671e-41
3534  1094.34  0
3535  1094.48  5.87564e-42
3536  1094.62  2.49273e-38
3537  1094.76  5.87447e+32
3538  1094.9  0
3539  1095.04  0
3540  1095.17  0
3541  1095.31  1.35926e-43
3542  1095.45  2.49045e-38
3543  1095.59  5.87447e+32
3544  1095.73  2.24208e-44
3545  1095.87  2.24208e-44
3546  1096.01  2.49038e-38
3547  1096.14  1.4013e-45
3548  1096.28  2.4904e-38
3549  1096.42  2.38221e-44
3550  1096.56  2.49046e-38
3551  1096.7  5.87447e+32
3552  1096.84  6.72623e-44
3553  1096.98  3.36312e-44
3554  1097.11  2.49044e-38
3555  1097.25  0
3556  1097.39  1.4013e-45
3557  1097.53  3.08286e-44
3558  1097.67  1.00893e-43
3559  1097.81  3.36312e-44
3560  1097.94  2.49041e-38
3561  1098.08  41081.5
3562  1098.22  1.87333e+31
3563  1098.36  0
3564  1098.5  1.68156e-43
3565  1098.64  4.48416e-44
3566  1098.77  2.4904e-38
3567  1098.91  656709
3568  1099.05  4.84185e+30
3569  1099.19  7.21308e+22
3570  1099.33  6.13172e+28
3571  1099.47  4.17671e-41
3572  1099.6  0
3573  1099.74  5.66265e-42
3574  1099.88  2.49273e-38
3575  1100.02  5.87447e+32
3576  1100.16  0
3577  1100.3  0
3578  1100.43  0
3579  1100.57  1.47136e-43
3580  1100.71  2.4905e-38
3581  1100.85  5.87447e+32
3582  1100.99  2.24208e-44
3583  1101.12  2.24208e-44
3584  1101.26  2.49043e-38
3585  1101.4  1.4013e-45
3586  1101.54  2.49043e-38
3587  1101.68  6.86636e-44
3588  1101.81  2.4905e-38
3589  1101.95  5.87447e+32
3590  1102.09  0
3591  1102.23  4.62428e-44
3592  1102.37  2.4905e-38
3593  1102.51  5.87447e+32
3594  1102.64  2.24208e-44
3595  1102.78  2.24208e-44
3596  1102.92  2.49047e-38
3597  1103.06  7.21492e+22
3598  1103.19  1.12104e-43
3599  1103.33  3.36312e-44
3600  1103.47  2.49045e-38
3601  1103.61  0
3602  1103.75  1.4013e-45
3603  1103.88  3.08286e-44
3604  1104.02  1.79366e-43
3605  1104.16  4.48416e-44
3606  1104.3  2.49044e-38
3607  1104.44  656709
3608  1104.57  4.84185e+30
3609  1104.71  7.21308e+22
3610  1104.85  6.13172e+28
3611  1104.99  4.17671e-41
3612  1105.12  0
3613  1105.26  5.43844e-42
3614  1105.4  2.49273e-38
3615  1105.54  5.87447e+32
3616  1105.68  0
3617  1105.81  0
3618  1105.95  0
3619  1106.09  1.24716e-43
3620  1106.23  2.49054e-38
3621  1106.36  5.87447e+32
3622  1106.5  2.49048e-38
3623  1106.64  6.86636e-44
3624  1106.78  2.49054e-38
3625  1106.91  2.49047e-38
3626  1107.05  0
3627  1107.19  4.62428e-44
3628  1107.33  2.49054e-38
3629  1107.47  5.87447e+32
3630  1107.6  2.24208e-44
3631  1107.74  2.24208e-44
3632  1107.88  2.49051e-38
3633  1108.02  6.5031e+28
3634  1108.15  8.96831e-44
3635  1108.29  3.36312e-44
3636  1108.43  2.4905e-38
3637  1108.57  0
3638  1108.7  1.4013e-45
3639  1108.84  3.08286e-44
3640  1108.98  1.56945e-43
3641  1109.11  4.48416e-44
3642  1109.25  2.49049e-38
3643  1109.39  656709
3644  1109.53  4.84185e+30
3645  1109.66  7.21308e+22
3646  1109.8  6.13172e+28
3647  1109.94  4.17671e-41
